
Grid height: 100
Grid width: 50
Traversable cells percentages: 0.98
Agglomeration factor: 0.95

Gli agenti sono stati generati con l'algoritmo ReachGoal
Agents: [[(26, 32), (26, 33), (26, 34), (26, 35), (26, 36), (26, 37), (26, 38), (26, 39), (26, 40), (26, 41), (26, 42), (26, 43), (26, 44), (26, 45), (26, 46), (26, 47), (26, 48), (26, 49), (26, 50), (26, 51), (26, 52), (26, 53), (26, 54), (26, 55), (26, 56), (26, 57), (26, 58), (26, 59), (26, 60), (26, 61), (26, 62), (26, 63), (26, 64), (26, 65), (26, 66), (26, 67), (26, 68), (26, 69), (26, 70), (26, 71), (26, 72), (26, 73), (26, 74), (26, 75), (26, 76), (26, 77), (26, 78), (26, 79), (26, 80), (26, 81), (26, 82), (26, 83), (26, 84), (26, 85), (26, 86), (26, 87), (26, 88), (26, 89), (26, 90), (26, 91), (26, 92), (26, 93), (26, 94), (26, 95), (26, 96), (26, 97), (26, 98), (26, 99)], [(10, 98), (11, 97), (12, 96), (13, 95), (14, 94), (15, 93), (16, 92), (17, 91), (18, 90), (19, 89), (20, 88), (21, 87), (22, 86), (23, 85), (24, 84), (25, 83), (26, 82), (27, 81), (28, 80), (29, 79), (30, 78), (31, 77), (32, 76), (33, 75), (34, 74), (35, 73), (36, 72), (37, 71), (38, 70), (39, 69), (40, 68), (41, 67), (42, 66), (43, 65), (44, 64)], [(3, 65), (4, 65), (5, 65), (6, 65), (7, 65), (8, 65), (9, 65), (10, 65), (11, 65), (12, 65), (13, 65), (14, 65), (15, 65), (16, 65), (17, 65), (18, 65), (19, 65), (20, 65), (21, 65), (22, 65), (23, 65), (24, 65), (25, 65), (26, 65), (27, 65), (28, 65), (29, 65), (30, 65), (31, 65), (32, 65), (33, 65), (34, 65), (35, 65), (36, 65), (37, 65), (38, 65), (39, 65), (40, 65), (41, 65), (42, 65), (43, 65), (44, 65), (45, 65), (46, 65), (47, 65), (48, 65)]]
Numero di agenti: 3


Agent 0
Path: [(26, 32), (26, 33), (26, 34), (26, 35), (26, 36), (26, 37), (26, 38), (26, 39), (26, 40), (26, 41), (26, 42), (26, 43), (26, 44), (26, 45), (26, 46), (26, 47), (26, 48), (26, 49), (26, 50), (26, 51), (26, 52), (26, 53), (26, 54), (26, 55), (26, 56), (26, 57), (26, 58), (26, 59), (26, 60), (26, 61), (26, 62), (26, 63), (26, 64), (26, 65), (26, 66), (26, 67), (26, 68), (26, 69), (26, 70), (26, 71), (26, 72), (26, 73), (26, 74), (26, 75), (26, 76), (26, 77), (26, 78), (26, 79), (26, 80), (26, 81), (26, 82), (26, 83), (26, 84), (26, 85), (26, 86), (26, 87), (26, 88), (26, 89), (26, 90), (26, 91), (26, 92), (26, 93), (26, 94), (26, 95), (26, 96), (26, 97), (26, 98), (26, 99)]
Path length: 68

Agent 1
Path: [(10, 98), (11, 97), (12, 96), (13, 95), (14, 94), (15, 93), (16, 92), (17, 91), (18, 90), (19, 89), (20, 88), (21, 87), (22, 86), (23, 85), (24, 84), (25, 83), (26, 82), (27, 81), (28, 80), (29, 79), (30, 78), (31, 77), (32, 76), (33, 75), (34, 74), (35, 73), (36, 72), (37, 71), (38, 70), (39, 69), (40, 68), (41, 67), (42, 66), (43, 65), (44, 64)]
Path length: 35

Agent 2
Path: [(3, 65), (4, 65), (5, 65), (6, 65), (7, 65), (8, 65), (9, 65), (10, 65), (11, 65), (12, 65), (13, 65), (14, 65), (15, 65), (16, 65), (17, 65), (18, 65), (19, 65), (20, 65), (21, 65), (22, 65), (23, 65), (24, 65), (25, 65), (26, 65), (27, 65), (28, 65), (29, 65), (30, 65), (31, 65), (32, 65), (33, 65), (34, 65), (35, 65), (36, 65), (37, 65), (38, 65), (39, 65), (40, 65), (41, 65), (42, 65), (43, 65), (44, 65), (45, 65), (46, 65), (47, 65), (48, 65)]
Path length: 46


Init: [15, 52]
Goal: [3, 69]
Max: 5049.0

Failure

Time: 22.426725387573242
Current occupied memory: 91640
Peak occupied memory: 2042248
Grid height: 100
Grid width: 50
Traversable cells percentages: 0.98
Agglomeration factor: 0.9

Gli agenti sono stati generati con l'algoritmo ReachGoal
Agents: [[(1, 52), (2, 52), (3, 52), (4, 52), (5, 52), (6, 52), (7, 52), (8, 52), (9, 52), (10, 52), (11, 52), (12, 52), (13, 52), (14, 52), (15, 52), (16, 52)], [(10, 98), (11, 97), (12, 96), (13, 95), (14, 94), (15, 93), (16, 92), (17, 91), (18, 90), (19, 89), (20, 88), (21, 87), (22, 86), (23, 85), (24, 84), (25, 83), (26, 82), (27, 81), (28, 80), (29, 79), (30, 78), (31, 77), (32, 76), (33, 75), (34, 74), (35, 73), (36, 72), (37, 71), (38, 70), (39, 69), (40, 68), (41, 67), (42, 66), (43, 65), (44, 64)], [(3, 65), (4, 65), (5, 65), (6, 65), (7, 65), (8, 65), (9, 65), (10, 65), (11, 65), (12, 65), (13, 65), (14, 65), (15, 65), (16, 65), (17, 65), (18, 65), (19, 65), (20, 65), (21, 65), (22, 65), (23, 65), (24, 65), (25, 65), (26, 65), (27, 65), (28, 65), (29, 65), (30, 65), (31, 65), (32, 65), (33, 65), (34, 65), (35, 65), (36, 65), (37, 65), (38, 65), (39, 65), (40, 65), (41, 65), (42, 65), (43, 65), (44, 65), (45, 65), (46, 65), (47, 65), (48, 65)]]
Numero di agenti: 3


Agent 0
Path: [(1, 52), (2, 52), (3, 52), (4, 52), (5, 52), (6, 52), (7, 52), (8, 52), (9, 52), (10, 52), (11, 52), (12, 52), (13, 52), (14, 52), (15, 52), (16, 52)]
Path length: 16

Agent 1
Path: [(10, 98), (11, 97), (12, 96), (13, 95), (14, 94), (15, 93), (16, 92), (17, 91), (18, 90), (19, 89), (20, 88), (21, 87), (22, 86), (23, 85), (24, 84), (25, 83), (26, 82), (27, 81), (28, 80), (29, 79), (30, 78), (31, 77), (32, 76), (33, 75), (34, 74), (35, 73), (36, 72), (37, 71), (38, 70), (39, 69), (40, 68), (41, 67), (42, 66), (43, 65), (44, 64)]
Path length: 35

Agent 2
Path: [(3, 65), (4, 65), (5, 65), (6, 65), (7, 65), (8, 65), (9, 65), (10, 65), (11, 65), (12, 65), (13, 65), (14, 65), (15, 65), (16, 65), (17, 65), (18, 65), (19, 65), (20, 65), (21, 65), (22, 65), (23, 65), (24, 65), (25, 65), (26, 65), (27, 65), (28, 65), (29, 65), (30, 65), (31, 65), (32, 65), (33, 65), (34, 65), (35, 65), (36, 65), (37, 65), (38, 65), (39, 65), (40, 65), (41, 65), (42, 65), (43, 65), (44, 65), (45, 65), (46, 65), (47, 65), (48, 65)]
Path length: 46


Init: [15, 52]
Goal: [3, 69]
Max: 4997.0

Failure

Time: 26.433884143829346
Current occupied memory: 91640
Peak occupied memory: 2042192
Grid height: 100
Grid width: 50
Traversable cells percentages: 0.98
Agglomeration factor: 0.85

Gli agenti sono stati generati con l'algoritmo ReachGoal
Agents: [[(34, 95), (34, 94), (34, 93), (34, 92), (34, 91), (34, 90), (34, 89), (34, 88), (34, 87), (34, 86), (34, 85), (34, 84), (34, 83), (34, 82), (34, 81), (34, 80), (34, 79), (34, 78), (34, 77), (34, 76), (34, 75), (34, 74), (34, 73), (34, 72), (34, 71), (34, 70), (33, 69), (33, 68)], [(10, 98), (11, 97), (12, 96), (13, 95), (14, 94), (15, 93), (16, 92), (17, 91), (18, 90), (19, 89), (20, 88), (21, 87), (22, 86), (23, 85), (24, 84), (25, 83), (26, 82), (27, 81), (28, 80), (29, 79), (30, 78), (31, 77), (32, 76), (33, 75), (34, 74), (35, 73), (36, 72), (37, 71), (38, 70), (39, 69), (40, 68), (41, 67), (42, 66), (43, 65), (44, 64)], [(3, 65), (4, 65), (5, 65), (6, 65), (7, 65), (8, 65), (9, 65), (10, 65), (11, 65), (12, 65), (13, 65), (14, 65), (15, 65), (16, 65), (17, 65), (18, 65), (19, 65), (20, 65), (21, 65), (22, 65), (23, 65), (24, 65), (25, 65), (26, 65), (27, 65), (28, 65), (29, 65), (30, 65), (31, 65), (32, 65), (33, 65), (34, 65), (35, 65), (36, 65), (37, 65), (38, 65), (39, 65), (40, 65), (41, 65), (42, 65), (43, 65), (44, 65), (45, 65), (46, 65), (47, 65), (48, 65)]]
Numero di agenti: 3


Agent 0
Path: [(34, 95), (34, 94), (34, 93), (34, 92), (34, 91), (34, 90), (34, 89), (34, 88), (34, 87), (34, 86), (34, 85), (34, 84), (34, 83), (34, 82), (34, 81), (34, 80), (34, 79), (34, 78), (34, 77), (34, 76), (34, 75), (34, 74), (34, 73), (34, 72), (34, 71), (34, 70), (33, 69), (33, 68)]
Path length: 28

Agent 1
Path: [(10, 98), (11, 97), (12, 96), (13, 95), (14, 94), (15, 93), (16, 92), (17, 91), (18, 90), (19, 89), (20, 88), (21, 87), (22, 86), (23, 85), (24, 84), (25, 83), (26, 82), (27, 81), (28, 80), (29, 79), (30, 78), (31, 77), (32, 76), (33, 75), (34, 74), (35, 73), (36, 72), (37, 71), (38, 70), (39, 69), (40, 68), (41, 67), (42, 66), (43, 65), (44, 64)]
Path length: 35

Agent 2
Path: [(3, 65), (4, 65), (5, 65), (6, 65), (7, 65), (8, 65), (9, 65), (10, 65), (11, 65), (12, 65), (13, 65), (14, 65), (15, 65), (16, 65), (17, 65), (18, 65), (19, 65), (20, 65), (21, 65), (22, 65), (23, 65), (24, 65), (25, 65), (26, 65), (27, 65), (28, 65), (29, 65), (30, 65), (31, 65), (32, 65), (33, 65), (34, 65), (35, 65), (36, 65), (37, 65), (38, 65), (39, 65), (40, 65), (41, 65), (42, 65), (43, 65), (44, 65), (45, 65), (46, 65), (47, 65), (48, 65)]
Path length: 46


Init: [15, 52]
Goal: [3, 69]
Max: 5009.0

Failure

Time: 24.77769899368286
Current occupied memory: 91640
Peak occupied memory: 2042192
Grid height: 100
Grid width: 50
Traversable cells percentages: 0.98
Agglomeration factor: 0.8

Gli agenti sono stati generati con l'algoritmo ReachGoal
Agents: [[(33, 68), (33, 67), (33, 66), (33, 65), (32, 64), (32, 64), (32, 64), (32, 64), (32, 64), (32, 64), (32, 64), (32, 64), (32, 64), (32, 64), (31, 63), (31, 63), (31, 63), (31, 63), (31, 63), (31, 63), (31, 63), (31, 63), (31, 63), (31, 63), (31, 63), (31, 63), (31, 63), (31, 63), (31, 63), (31, 63), (31, 63), (31, 63), (31, 63), (31, 63), (31, 63), (31, 63), (31, 63), (31, 63), (31, 63), (31, 63), (31, 63), (31, 63), (31, 63), (31, 63), (31, 63), (31, 63), (31, 63), (31, 63), (31, 63), (31, 63), (31, 63), (31, 63), (31, 63), (31, 63), (31, 63), (31, 63), (31, 63), (31, 63), (31, 63), (31, 63), (31, 63), (31, 63), (31, 63), (31, 63), (31, 63), (31, 63), (30, 62), (30, 62), (30, 62), (30, 62), (30, 62), (30, 62), (30, 62), (30, 62), (30, 62), (30, 62), (30, 62), (30, 62), (30, 62), (30, 62), (30, 62), (30, 62), (30, 62), (30, 62), (30, 62), (30, 62), (30, 62), (30, 62), (30, 62), (30, 62), (30, 62), (30, 62), (30, 62), (30, 62), (30, 62), (30, 62), (30, 62), (30, 62), (30, 62), (30, 62), (30, 62), (30, 62), (30, 62), (30, 62), (30, 62), (30, 62), (30, 62), (30, 62), (30, 62), (30, 62), (30, 62), (30, 62), (30, 62), (30, 62), (30, 62), (30, 62), (30, 62), (30, 62), (30, 62), (30, 62), (30, 62), (30, 62), (30, 62), (30, 62), (30, 62), (30, 62), (30, 62), (30, 62), (30, 62), (30, 62), (30, 62), (30, 62), (30, 62), (30, 62), (30, 62), (30, 62), (30, 62), (30, 62), (30, 62), (30, 62), (30, 62), (30, 62), (30, 62), (30, 62), (30, 62), (30, 62), (30, 62), (30, 62), (30, 62), (30, 62), (30, 62), (30, 62), (30, 62), (30, 62), (30, 62), (30, 62), (30, 62), (30, 62), (30, 62), (30, 62), (30, 62), (30, 62), (30, 62), (30, 62), (30, 62), (30, 62), (30, 62), (30, 62), (30, 62), (30, 62), (30, 62), (30, 62), (30, 62), (30, 62), (30, 62), (30, 62), (30, 62), (30, 62), (30, 62), (30, 62), (30, 62), (30, 62), (30, 62), (30, 62), (30, 62), (30, 62), (30, 62), (30, 62), (30, 62), (30, 62), (30, 62), (30, 62), (30, 62), (30, 62), (30, 62), (30, 62), (30, 62), (30, 62), (30, 62), (30, 62), (30, 62), (30, 62), (30, 62), (30, 62), (30, 62), (30, 62), (30, 62), (30, 62), (30, 62), (30, 62), (30, 62), (30, 62), (30, 62), (30, 62), (30, 62), (30, 62), (30, 62), (30, 62), (30, 62), (30, 62), (30, 62), (30, 62), (30, 62), (30, 62), (30, 62), (30, 62), (30, 62), (30, 62), (30, 62), (30, 62), (30, 62), (30, 62), (30, 62), (30, 62), (30, 62), (30, 62), (30, 62), (30, 62), (30, 62), (30, 62), (30, 62), (30, 62), (30, 62), (30, 62), (30, 62), (30, 62), (30, 62), (30, 62), (30, 62), (30, 62), (30, 62), (30, 62), (30, 62), (30, 62), (30, 62), (30, 62), (30, 62), (30, 62), (30, 62), (30, 62), (30, 62), (30, 62), (30, 62), (30, 62), (30, 62), (30, 62), (30, 62), (30, 62), (30, 62), (30, 62), (30, 62), (30, 62), (30, 62), (30, 62), (30, 62), (30, 62), (30, 62), (30, 62), (30, 62), (30, 62), (30, 62), (30, 62), (30, 62), (30, 62), (30, 62), (30, 62), (30, 62), (30, 62), (30, 62), (30, 62), (30, 62), (30, 62), (30, 62), (30, 62), (30, 62), (30, 62), (30, 62), (30, 62), (30, 62), (30, 62), (30, 62), (30, 62), (30, 62), (30, 62), (30, 62), (30, 62), (30, 62), (30, 62), (30, 62), (30, 62), (30, 62), (30, 62), (30, 62), (30, 62), (30, 62), (30, 62), (30, 62), (30, 62), (30, 62), (30, 62), (30, 62), (30, 62), (30, 62), (30, 62), (30, 62), (30, 62), (30, 62), (30, 62), (30, 62), (30, 62), (30, 62), (30, 62), (30, 62), (30, 62), (30, 62), (30, 62), (30, 62), (30, 62), (30, 62), (30, 62), (30, 62), (30, 62), (30, 62), (30, 62), (30, 62), (30, 62), (30, 62), (30, 62), (30, 62), (30, 62), (30, 62), (30, 62), (30, 62), (30, 62), (30, 62), (30, 62), (30, 62), (30, 62), (30, 62), (30, 62), (30, 62), (30, 62), (30, 62), (30, 62), (30, 62), (30, 62), (30, 62), (30, 62), (30, 62), (30, 62), (30, 62), (30, 62), (30, 62), (30, 62), (30, 62), (30, 62), (30, 62), (30, 62), (30, 62), (30, 62), (30, 62), (30, 62), (30, 62), (30, 62), (30, 62), (30, 62), (30, 62), (30, 62), (30, 62), (30, 62), (30, 62), (30, 62), (30, 62), (30, 62), (30, 62), (30, 62), (30, 62), (30, 62), (30, 62), (30, 62), (30, 62), (30, 62), (30, 62), (30, 61), (30, 60), (30, 59), (30, 58), (30, 57), (30, 56), (30, 55), (30, 54)], [(33, 68), (32, 67), (32, 66), (32, 65), (31, 64), (31, 64), (31, 64), (31, 64), (31, 63), (31, 63), (31, 63), (30, 62), (30, 62), (30, 62), (30, 62), (30, 62), (30, 62), (30, 62), (30, 62), (30, 62), (30, 62), (30, 62), (30, 62), (30, 62), (30, 62), (30, 62), (30, 62), (30, 62), (30, 62), (30, 62), (30, 62), (30, 62), (30, 62), (30, 62), (30, 62), (30, 62), (30, 62), (30, 62), (30, 62), (30, 62), (30, 62), (30, 62), (30, 62), (30, 62), (30, 62), (30, 62), (30, 62), (30, 62), (30, 61), (30, 60), (30, 59), (30, 58), (30, 57), (30, 56), (30, 55), (30, 54)], [(3, 65), (4, 65), (5, 65), (6, 65), (7, 65), (8, 65), (9, 65), (10, 65), (11, 65), (12, 65), (13, 65), (14, 65), (15, 65), (16, 65), (17, 65), (18, 65), (19, 65), (20, 65), (21, 65), (22, 65), (23, 65), (24, 65), (25, 65), (26, 65), (27, 65), (28, 65), (29, 65), (30, 65), (31, 65), (32, 65), (33, 65), (34, 65), (35, 65), (36, 65), (37, 65), (38, 65), (39, 65), (40, 65), (41, 65), (42, 65), (43, 65), (44, 65), (45, 65), (46, 65), (47, 65), (48, 65)]]
Numero di agenti: 3


Agent 0
Path: [(33, 68), (33, 67), (33, 66), (33, 65), (32, 64), (32, 64), (32, 64), (32, 64), (32, 64), (32, 64), (32, 64), (32, 64), (32, 64), (32, 64), (31, 63), (31, 63), (31, 63), (31, 63), (31, 63), (31, 63), (31, 63), (31, 63), (31, 63), (31, 63), (31, 63), (31, 63), (31, 63), (31, 63), (31, 63), (31, 63), (31, 63), (31, 63), (31, 63), (31, 63), (31, 63), (31, 63), (31, 63), (31, 63), (31, 63), (31, 63), (31, 63), (31, 63), (31, 63), (31, 63), (31, 63), (31, 63), (31, 63), (31, 63), (31, 63), (31, 63), (31, 63), (31, 63), (31, 63), (31, 63), (31, 63), (31, 63), (31, 63), (31, 63), (31, 63), (31, 63), (31, 63), (31, 63), (31, 63), (31, 63), (31, 63), (31, 63), (30, 62), (30, 62), (30, 62), (30, 62), (30, 62), (30, 62), (30, 62), (30, 62), (30, 62), (30, 62), (30, 62), (30, 62), (30, 62), (30, 62), (30, 62), (30, 62), (30, 62), (30, 62), (30, 62), (30, 62), (30, 62), (30, 62), (30, 62), (30, 62), (30, 62), (30, 62), (30, 62), (30, 62), (30, 62), (30, 62), (30, 62), (30, 62), (30, 62), (30, 62), (30, 62), (30, 62), (30, 62), (30, 62), (30, 62), (30, 62), (30, 62), (30, 62), (30, 62), (30, 62), (30, 62), (30, 62), (30, 62), (30, 62), (30, 62), (30, 62), (30, 62), (30, 62), (30, 62), (30, 62), (30, 62), (30, 62), (30, 62), (30, 62), (30, 62), (30, 62), (30, 62), (30, 62), (30, 62), (30, 62), (30, 62), (30, 62), (30, 62), (30, 62), (30, 62), (30, 62), (30, 62), (30, 62), (30, 62), (30, 62), (30, 62), (30, 62), (30, 62), (30, 62), (30, 62), (30, 62), (30, 62), (30, 62), (30, 62), (30, 62), (30, 62), (30, 62), (30, 62), (30, 62), (30, 62), (30, 62), (30, 62), (30, 62), (30, 62), (30, 62), (30, 62), (30, 62), (30, 62), (30, 62), (30, 62), (30, 62), (30, 62), (30, 62), (30, 62), (30, 62), (30, 62), (30, 62), (30, 62), (30, 62), (30, 62), (30, 62), (30, 62), (30, 62), (30, 62), (30, 62), (30, 62), (30, 62), (30, 62), (30, 62), (30, 62), (30, 62), (30, 62), (30, 62), (30, 62), (30, 62), (30, 62), (30, 62), (30, 62), (30, 62), (30, 62), (30, 62), (30, 62), (30, 62), (30, 62), (30, 62), (30, 62), (30, 62), (30, 62), (30, 62), (30, 62), (30, 62), (30, 62), (30, 62), (30, 62), (30, 62), (30, 62), (30, 62), (30, 62), (30, 62), (30, 62), (30, 62), (30, 62), (30, 62), (30, 62), (30, 62), (30, 62), (30, 62), (30, 62), (30, 62), (30, 62), (30, 62), (30, 62), (30, 62), (30, 62), (30, 62), (30, 62), (30, 62), (30, 62), (30, 62), (30, 62), (30, 62), (30, 62), (30, 62), (30, 62), (30, 62), (30, 62), (30, 62), (30, 62), (30, 62), (30, 62), (30, 62), (30, 62), (30, 62), (30, 62), (30, 62), (30, 62), (30, 62), (30, 62), (30, 62), (30, 62), (30, 62), (30, 62), (30, 62), (30, 62), (30, 62), (30, 62), (30, 62), (30, 62), (30, 62), (30, 62), (30, 62), (30, 62), (30, 62), (30, 62), (30, 62), (30, 62), (30, 62), (30, 62), (30, 62), (30, 62), (30, 62), (30, 62), (30, 62), (30, 62), (30, 62), (30, 62), (30, 62), (30, 62), (30, 62), (30, 62), (30, 62), (30, 62), (30, 62), (30, 62), (30, 62), (30, 62), (30, 62), (30, 62), (30, 62), (30, 62), (30, 62), (30, 62), (30, 62), (30, 62), (30, 62), (30, 62), (30, 62), (30, 62), (30, 62), (30, 62), (30, 62), (30, 62), (30, 62), (30, 62), (30, 62), (30, 62), (30, 62), (30, 62), (30, 62), (30, 62), (30, 62), (30, 62), (30, 62), (30, 62), (30, 62), (30, 62), (30, 62), (30, 62), (30, 62), (30, 62), (30, 62), (30, 62), (30, 62), (30, 62), (30, 62), (30, 62), (30, 62), (30, 62), (30, 62), (30, 62), (30, 62), (30, 62), (30, 62), (30, 62), (30, 62), (30, 62), (30, 62), (30, 62), (30, 62), (30, 62), (30, 62), (30, 62), (30, 62), (30, 62), (30, 62), (30, 62), (30, 62), (30, 62), (30, 62), (30, 62), (30, 62), (30, 62), (30, 62), (30, 62), (30, 62), (30, 62), (30, 62), (30, 62), (30, 62), (30, 62), (30, 62), (30, 62), (30, 62), (30, 62), (30, 62), (30, 62), (30, 62), (30, 62), (30, 62), (30, 62), (30, 62), (30, 62), (30, 62), (30, 62), (30, 62), (30, 62), (30, 62), (30, 62), (30, 62), (30, 62), (30, 62), (30, 62), (30, 62), (30, 62), (30, 62), (30, 62), (30, 62), (30, 62), (30, 62), (30, 62), (30, 62), (30, 62), (30, 62), (30, 62), (30, 62), (30, 62), (30, 62), (30, 62), (30, 61), (30, 60), (30, 59), (30, 58), (30, 57), (30, 56), (30, 55), (30, 54)]
Path length: 411

Agent 1
Path: [(33, 68), (32, 67), (32, 66), (32, 65), (31, 64), (31, 64), (31, 64), (31, 64), (31, 63), (31, 63), (31, 63), (30, 62), (30, 62), (30, 62), (30, 62), (30, 62), (30, 62), (30, 62), (30, 62), (30, 62), (30, 62), (30, 62), (30, 62), (30, 62), (30, 62), (30, 62), (30, 62), (30, 62), (30, 62), (30, 62), (30, 62), (30, 62), (30, 62), (30, 62), (30, 62), (30, 62), (30, 62), (30, 62), (30, 62), (30, 62), (30, 62), (30, 62), (30, 62), (30, 62), (30, 62), (30, 62), (30, 62), (30, 62), (30, 61), (30, 60), (30, 59), (30, 58), (30, 57), (30, 56), (30, 55), (30, 54)]
Path length: 56

Agent 2
Path: [(3, 65), (4, 65), (5, 65), (6, 65), (7, 65), (8, 65), (9, 65), (10, 65), (11, 65), (12, 65), (13, 65), (14, 65), (15, 65), (16, 65), (17, 65), (18, 65), (19, 65), (20, 65), (21, 65), (22, 65), (23, 65), (24, 65), (25, 65), (26, 65), (27, 65), (28, 65), (29, 65), (30, 65), (31, 65), (32, 65), (33, 65), (34, 65), (35, 65), (36, 65), (37, 65), (38, 65), (39, 65), (40, 65), (41, 65), (42, 65), (43, 65), (44, 65), (45, 65), (46, 65), (47, 65), (48, 65)]
Path length: 46


Init: [15, 52]
Goal: [3, 69]
Max: 5413.0

Failure

Time: 16.488986015319824
Current occupied memory: 91640
Peak occupied memory: 2042192
Grid height: 100
Grid width: 50
Traversable cells percentages: 0.98
Agglomeration factor: 0.75

Gli agenti sono stati generati con l'algoritmo ReachGoal
Agents: [[(26, 32), (26, 33), (26, 34), (26, 35), (26, 36), (26, 37), (26, 38), (26, 39), (26, 40), (26, 41), (26, 42), (26, 43), (26, 44), (26, 45), (26, 46), (26, 47), (26, 48), (26, 49), (26, 50), (26, 51), (26, 52), (26, 53), (26, 54), (26, 55), (26, 56), (26, 57), (26, 58), (26, 59), (26, 60), (26, 61), (26, 62), (26, 63), (26, 64), (26, 65), (26, 66), (26, 67), (26, 68), (26, 69), (26, 70), (26, 71), (26, 72), (26, 73), (26, 74), (26, 75), (26, 76), (26, 77), (26, 78), (26, 79), (26, 80), (26, 81), (26, 82), (26, 83), (26, 84), (26, 85), (26, 86), (26, 87), (26, 88), (26, 89), (26, 90), (26, 91), (26, 92), (26, 93), (26, 94), (26, 95), (26, 96), (26, 97), (26, 98), (26, 99)], [(10, 98), (11, 97), (12, 96), (13, 95), (14, 94), (15, 93), (16, 92), (17, 91), (18, 90), (19, 89), (20, 88), (21, 87), (22, 86), (23, 85), (24, 84), (25, 83), (26, 82), (27, 81), (28, 80), (29, 79), (30, 78), (31, 77), (32, 76), (33, 75), (34, 74), (35, 73), (36, 72), (37, 71), (38, 70), (39, 69), (40, 68), (41, 67), (42, 66), (43, 65), (44, 64)], [(3, 65), (4, 65), (5, 65), (6, 65), (7, 65), (8, 65), (9, 65), (10, 65), (11, 65), (12, 65), (13, 65), (14, 65), (15, 65), (16, 65), (17, 65), (18, 65), (19, 65), (20, 65), (21, 65), (22, 65), (23, 65), (24, 65), (25, 65), (26, 65), (27, 65), (28, 65), (29, 65), (30, 65), (31, 65), (32, 65), (33, 65), (34, 65), (35, 65), (36, 65), (37, 65), (38, 65), (39, 65), (40, 65), (41, 65), (42, 65), (43, 65), (44, 65), (45, 65), (46, 65), (47, 65), (48, 65)]]
Numero di agenti: 3


Agent 0
Path: [(26, 32), (26, 33), (26, 34), (26, 35), (26, 36), (26, 37), (26, 38), (26, 39), (26, 40), (26, 41), (26, 42), (26, 43), (26, 44), (26, 45), (26, 46), (26, 47), (26, 48), (26, 49), (26, 50), (26, 51), (26, 52), (26, 53), (26, 54), (26, 55), (26, 56), (26, 57), (26, 58), (26, 59), (26, 60), (26, 61), (26, 62), (26, 63), (26, 64), (26, 65), (26, 66), (26, 67), (26, 68), (26, 69), (26, 70), (26, 71), (26, 72), (26, 73), (26, 74), (26, 75), (26, 76), (26, 77), (26, 78), (26, 79), (26, 80), (26, 81), (26, 82), (26, 83), (26, 84), (26, 85), (26, 86), (26, 87), (26, 88), (26, 89), (26, 90), (26, 91), (26, 92), (26, 93), (26, 94), (26, 95), (26, 96), (26, 97), (26, 98), (26, 99)]
Path length: 68

Agent 1
Path: [(10, 98), (11, 97), (12, 96), (13, 95), (14, 94), (15, 93), (16, 92), (17, 91), (18, 90), (19, 89), (20, 88), (21, 87), (22, 86), (23, 85), (24, 84), (25, 83), (26, 82), (27, 81), (28, 80), (29, 79), (30, 78), (31, 77), (32, 76), (33, 75), (34, 74), (35, 73), (36, 72), (37, 71), (38, 70), (39, 69), (40, 68), (41, 67), (42, 66), (43, 65), (44, 64)]
Path length: 35

Agent 2
Path: [(3, 65), (4, 65), (5, 65), (6, 65), (7, 65), (8, 65), (9, 65), (10, 65), (11, 65), (12, 65), (13, 65), (14, 65), (15, 65), (16, 65), (17, 65), (18, 65), (19, 65), (20, 65), (21, 65), (22, 65), (23, 65), (24, 65), (25, 65), (26, 65), (27, 65), (28, 65), (29, 65), (30, 65), (31, 65), (32, 65), (33, 65), (34, 65), (35, 65), (36, 65), (37, 65), (38, 65), (39, 65), (40, 65), (41, 65), (42, 65), (43, 65), (44, 65), (45, 65), (46, 65), (47, 65), (48, 65)]
Path length: 46


Init: [15, 52]
Goal: [3, 69]
Max: 5049.0

Failure

Time: 19.622239112854004
Current occupied memory: 91640
Peak occupied memory: 2042192
Grid height: 100
Grid width: 50
Traversable cells percentages: 0.98
Agglomeration factor: 0.7

Gli agenti sono stati generati con l'algoritmo ReachGoal
Agents: [[(34, 95), (34, 94), (34, 93), (34, 92), (34, 91), (34, 90), (34, 89), (34, 88), (34, 87), (34, 86), (34, 85), (34, 84), (34, 83), (34, 82), (34, 81), (34, 80), (34, 79), (34, 78), (34, 77), (34, 76), (34, 75), (34, 74), (34, 73), (34, 72), (34, 71), (34, 70), (33, 69), (33, 68)], [(10, 98), (11, 97), (12, 96), (13, 95), (14, 94), (15, 93), (16, 92), (17, 91), (18, 90), (19, 89), (20, 88), (21, 87), (22, 86), (23, 85), (24, 84), (25, 83), (26, 82), (27, 81), (28, 80), (29, 79), (30, 78), (31, 77), (32, 76), (33, 75), (34, 74), (35, 73), (36, 72), (37, 71), (38, 70), (39, 69), (40, 68), (41, 67), (42, 66), (43, 65), (44, 64)], [(3, 65), (4, 65), (5, 65), (6, 65), (7, 65), (8, 65), (9, 65), (10, 65), (11, 65), (12, 65), (13, 65), (14, 65), (15, 65), (16, 65), (17, 65), (18, 65), (19, 65), (20, 65), (21, 65), (22, 65), (23, 65), (24, 65), (25, 65), (26, 65), (27, 65), (28, 65), (29, 65), (30, 65), (31, 65), (32, 65), (33, 65), (34, 65), (35, 65), (36, 65), (37, 65), (38, 65), (39, 65), (40, 65), (41, 65), (42, 65), (43, 65), (44, 65), (45, 65), (46, 65), (47, 65), (48, 65)]]
Numero di agenti: 3


Agent 0
Path: [(34, 95), (34, 94), (34, 93), (34, 92), (34, 91), (34, 90), (34, 89), (34, 88), (34, 87), (34, 86), (34, 85), (34, 84), (34, 83), (34, 82), (34, 81), (34, 80), (34, 79), (34, 78), (34, 77), (34, 76), (34, 75), (34, 74), (34, 73), (34, 72), (34, 71), (34, 70), (33, 69), (33, 68)]
Path length: 28

Agent 1
Path: [(10, 98), (11, 97), (12, 96), (13, 95), (14, 94), (15, 93), (16, 92), (17, 91), (18, 90), (19, 89), (20, 88), (21, 87), (22, 86), (23, 85), (24, 84), (25, 83), (26, 82), (27, 81), (28, 80), (29, 79), (30, 78), (31, 77), (32, 76), (33, 75), (34, 74), (35, 73), (36, 72), (37, 71), (38, 70), (39, 69), (40, 68), (41, 67), (42, 66), (43, 65), (44, 64)]
Path length: 35

Agent 2
Path: [(3, 65), (4, 65), (5, 65), (6, 65), (7, 65), (8, 65), (9, 65), (10, 65), (11, 65), (12, 65), (13, 65), (14, 65), (15, 65), (16, 65), (17, 65), (18, 65), (19, 65), (20, 65), (21, 65), (22, 65), (23, 65), (24, 65), (25, 65), (26, 65), (27, 65), (28, 65), (29, 65), (30, 65), (31, 65), (32, 65), (33, 65), (34, 65), (35, 65), (36, 65), (37, 65), (38, 65), (39, 65), (40, 65), (41, 65), (42, 65), (43, 65), (44, 65), (45, 65), (46, 65), (47, 65), (48, 65)]
Path length: 46


Init: [15, 52]
Goal: [3, 69]
Max: 5009.0

Failure

Time: 17.164695978164673
Current occupied memory: 91640
Peak occupied memory: 2042192
Grid height: 100
Grid width: 50
Traversable cells percentages: 0.98
Agglomeration factor: 0.65

Gli agenti sono stati generati con l'algoritmo ReachGoal
Agents: [[(34, 95), (34, 94), (34, 93), (34, 92), (34, 91), (34, 90), (34, 89), (34, 88), (34, 87), (34, 86), (34, 85), (34, 84), (34, 83), (34, 82), (34, 81), (34, 80), (34, 79), (34, 78), (34, 77), (34, 76), (34, 75), (34, 74), (34, 73), (34, 72), (34, 71), (34, 70), (33, 69), (33, 68)], [(10, 98), (11, 97), (12, 96), (13, 95), (14, 94), (15, 93), (16, 92), (17, 91), (18, 90), (19, 89), (20, 88), (21, 87), (22, 86), (23, 85), (24, 84), (25, 83), (26, 82), (27, 81), (28, 80), (29, 79), (30, 78), (31, 77), (32, 76), (33, 75), (34, 74), (35, 73), (36, 72), (37, 71), (38, 70), (39, 69), (40, 68), (41, 67), (42, 66), (43, 65), (44, 64)], [(3, 65), (4, 65), (5, 65), (6, 65), (7, 65), (8, 65), (9, 65), (10, 65), (11, 65), (12, 65), (13, 65), (14, 65), (15, 65), (16, 65), (17, 65), (18, 65), (19, 65), (20, 65), (21, 65), (22, 65), (23, 65), (24, 65), (25, 65), (26, 65), (27, 65), (28, 65), (29, 65), (30, 65), (31, 65), (32, 65), (33, 65), (34, 65), (35, 65), (36, 65), (37, 65), (38, 65), (39, 65), (40, 65), (41, 65), (42, 65), (43, 65), (44, 65), (45, 65), (46, 65), (47, 65), (48, 65)]]
Numero di agenti: 3


Agent 0
Path: [(34, 95), (34, 94), (34, 93), (34, 92), (34, 91), (34, 90), (34, 89), (34, 88), (34, 87), (34, 86), (34, 85), (34, 84), (34, 83), (34, 82), (34, 81), (34, 80), (34, 79), (34, 78), (34, 77), (34, 76), (34, 75), (34, 74), (34, 73), (34, 72), (34, 71), (34, 70), (33, 69), (33, 68)]
Path length: 28

Agent 1
Path: [(10, 98), (11, 97), (12, 96), (13, 95), (14, 94), (15, 93), (16, 92), (17, 91), (18, 90), (19, 89), (20, 88), (21, 87), (22, 86), (23, 85), (24, 84), (25, 83), (26, 82), (27, 81), (28, 80), (29, 79), (30, 78), (31, 77), (32, 76), (33, 75), (34, 74), (35, 73), (36, 72), (37, 71), (38, 70), (39, 69), (40, 68), (41, 67), (42, 66), (43, 65), (44, 64)]
Path length: 35

Agent 2
Path: [(3, 65), (4, 65), (5, 65), (6, 65), (7, 65), (8, 65), (9, 65), (10, 65), (11, 65), (12, 65), (13, 65), (14, 65), (15, 65), (16, 65), (17, 65), (18, 65), (19, 65), (20, 65), (21, 65), (22, 65), (23, 65), (24, 65), (25, 65), (26, 65), (27, 65), (28, 65), (29, 65), (30, 65), (31, 65), (32, 65), (33, 65), (34, 65), (35, 65), (36, 65), (37, 65), (38, 65), (39, 65), (40, 65), (41, 65), (42, 65), (43, 65), (44, 65), (45, 65), (46, 65), (47, 65), (48, 65)]
Path length: 46


Init: [15, 52]
Goal: [3, 69]
Max: 5009.0

Failure

Time: 11.847089052200317
Current occupied memory: 91584
Peak occupied memory: 1832976
Grid height: 100
Grid width: 50
Traversable cells percentages: 0.98
Agglomeration factor: 0.6

Gli agenti sono stati generati con l'algoritmo ReachGoal
Agents: [[(34, 95), (34, 94), (34, 93), (34, 92), (34, 91), (34, 90), (34, 89), (34, 88), (34, 87), (34, 86), (34, 85), (34, 84), (34, 83), (34, 82), (34, 81), (34, 80), (34, 79), (34, 78), (34, 77), (34, 76), (34, 75), (34, 74), (34, 73), (34, 72), (34, 71), (34, 70), (33, 69), (33, 68)], [(10, 98), (11, 97), (12, 96), (13, 95), (14, 94), (15, 93), (16, 92), (17, 91), (18, 90), (19, 89), (20, 88), (21, 87), (22, 86), (23, 85), (24, 84), (25, 83), (26, 82), (27, 81), (28, 80), (29, 79), (30, 78), (31, 77), (32, 76), (33, 75), (34, 74), (35, 73), (36, 72), (37, 71), (38, 70), (39, 69), (40, 68), (41, 67), (42, 66), (43, 65), (44, 64)], [(15, 30), (14, 31), (13, 32), (12, 33), (11, 34), (10, 35), (9, 36), (9, 36), (9, 36), (9, 36), (8, 37), (8, 37), (8, 37), (8, 37), (8, 37), (8, 38), (8, 38), (8, 38), (7, 39), (7, 39), (7, 39), (7, 39), (7, 39), (7, 39), (7, 39), (7, 39), (7, 39), (7, 39), (7, 39), (7, 39), (7, 39), (7, 39), (7, 39), (7, 39), (7, 39), (7, 40), (7, 40), (7, 40), (7, 40), (7, 40), (7, 40), (7, 40), (7, 40), (7, 40), (7, 40), (7, 40), (7, 40), (7, 40), (7, 40), (6, 41), (6, 41), (6, 41), (6, 41), (6, 41), (6, 41), (6, 41), (6, 41), (6, 41), (6, 41), (6, 41), (6, 41), (6, 41), (6, 41), (6, 41), (6, 41), (6, 41), (6, 41), (6, 41), (6, 41), (6, 41), (6, 41), (6, 41), (6, 41), (6, 41), (6, 41), (6, 41), (6, 41), (6, 41), (6, 41), (6, 41), (6, 41), (6, 41), (6, 41), (6, 41), (6, 41), (6, 41), (6, 41), (6, 41), (6, 41), (6, 41), (6, 41), (6, 41), (6, 41), (6, 41), (6, 41), (6, 41), (6, 41), (6, 41), (6, 41), (6, 41), (6, 41), (6, 41), (6, 42), (6, 42), (6, 42), (6, 42), (6, 42), (6, 42), (6, 42), (6, 42), (6, 42), (6, 42), (6, 42), (6, 42), (6, 42), (6, 42), (6, 42), (6, 42), (6, 42), (6, 42), (6, 42), (6, 42), (6, 42), (6, 42), (6, 42), (6, 42), (6, 42), (6, 42), (6, 42), (6, 42), (6, 42), (6, 42), (6, 42), (6, 42), (6, 42), (6, 42), (6, 42), (6, 42), (6, 42), (6, 42), (6, 42), (6, 42), (6, 42), (6, 42), (6, 42), (6, 42), (6, 42), (6, 42), (6, 42), (6, 42), (6, 42), (6, 42), (6, 42), (6, 42), (6, 42), (6, 42), (6, 42), (6, 42), (6, 42), (6, 42), (6, 42), (6, 42), (6, 42), (6, 42), (5, 43), (5, 43), (5, 43), (5, 43), (5, 43), (5, 43), (5, 43), (5, 43), (5, 43), (5, 43), (5, 43), (5, 43), (5, 43), (5, 43), (5, 43), (5, 43), (5, 43), (5, 43), (5, 43), (5, 43), (5, 43), (5, 43), (5, 43), (5, 43), (5, 43), (5, 43), (5, 43), (5, 43), (5, 43), (5, 43), (5, 43), (5, 43), (5, 43), (5, 43), (5, 43), (5, 43), (5, 43), (5, 43), (5, 43), (5, 43), (5, 43), (5, 43), (5, 43), (5, 43), (5, 43), (5, 43), (5, 43), (5, 43), (5, 43), (5, 43), (5, 43), (5, 43), (5, 43), (5, 43), (5, 43), (5, 43), (5, 43), (5, 43), (5, 43), (5, 43), (5, 43), (5, 43), (5, 43), (5, 43), (5, 43), (5, 43), (5, 43), (5, 43), (5, 43), (5, 43), (5, 43), (5, 43), (5, 43), (5, 43), (5, 43), (5, 43), (5, 43), (5, 43), (5, 43), (5, 43), (5, 43), (5, 43), (5, 43), (5, 43), (5, 43), (5, 43), (5, 43), (5, 43), (5, 43), (5, 43), (5, 43), (5, 43), (5, 43), (5, 43), (5, 43), (5, 43), (5, 43), (5, 43), (5, 43), (5, 43), (5, 43), (5, 43), (5, 43), (5, 43), (5, 43), (5, 43), (5, 43), (5, 43), (5, 43), (5, 43), (5, 43), (5, 43), (5, 43), (5, 43), (5, 43), (5, 43), (5, 43), (5, 43), (5, 43), (5, 43), (5, 43), (5, 43), (5, 43), (5, 43), (5, 43), (5, 43), (5, 43), (5, 43), (5, 43), (5, 43), (5, 43), (5, 43), (5, 43), (5, 43), (5, 43), (5, 43), (5, 43), (5, 43), (5, 43), (5, 43), (5, 43), (5, 43), (5, 43), (5, 43), (5, 43), (5, 43), (5, 43), (5, 43), (5, 43), (5, 43), (5, 43), (5, 43), (5, 43), (5, 43), (5, 43), (5, 43), (5, 43), (5, 43), (5, 43), (5, 43), (5, 43), (5, 43), (5, 43), (5, 43), (5, 43), (5, 43), (5, 43), (5, 43), (5, 43), (5, 43), (5, 43), (5, 43), (5, 43), (5, 43), (5, 43), (5, 43), (5, 43), (5, 43), (5, 43), (5, 43), (5, 43), (5, 43), (5, 43), (5, 43), (5, 43), (5, 43), (5, 43), (5, 43), (5, 43), (5, 43), (5, 43), (5, 43), (5, 43), (5, 43), (5, 43), (5, 43), (5, 43), (5, 43), (5, 43), (5, 43), (5, 43), (5, 43), (5, 43), (5, 43), (5, 43), (5, 43), (5, 43), (5, 43), (5, 44)]]
Numero di agenti: 3


Agent 0
Path: [(34, 95), (34, 94), (34, 93), (34, 92), (34, 91), (34, 90), (34, 89), (34, 88), (34, 87), (34, 86), (34, 85), (34, 84), (34, 83), (34, 82), (34, 81), (34, 80), (34, 79), (34, 78), (34, 77), (34, 76), (34, 75), (34, 74), (34, 73), (34, 72), (34, 71), (34, 70), (33, 69), (33, 68)]
Path length: 28

Agent 1
Path: [(10, 98), (11, 97), (12, 96), (13, 95), (14, 94), (15, 93), (16, 92), (17, 91), (18, 90), (19, 89), (20, 88), (21, 87), (22, 86), (23, 85), (24, 84), (25, 83), (26, 82), (27, 81), (28, 80), (29, 79), (30, 78), (31, 77), (32, 76), (33, 75), (34, 74), (35, 73), (36, 72), (37, 71), (38, 70), (39, 69), (40, 68), (41, 67), (42, 66), (43, 65), (44, 64)]
Path length: 35

Agent 2
Path: [(15, 30), (14, 31), (13, 32), (12, 33), (11, 34), (10, 35), (9, 36), (9, 36), (9, 36), (9, 36), (8, 37), (8, 37), (8, 37), (8, 37), (8, 37), (8, 38), (8, 38), (8, 38), (7, 39), (7, 39), (7, 39), (7, 39), (7, 39), (7, 39), (7, 39), (7, 39), (7, 39), (7, 39), (7, 39), (7, 39), (7, 39), (7, 39), (7, 39), (7, 39), (7, 39), (7, 40), (7, 40), (7, 40), (7, 40), (7, 40), (7, 40), (7, 40), (7, 40), (7, 40), (7, 40), (7, 40), (7, 40), (7, 40), (7, 40), (6, 41), (6, 41), (6, 41), (6, 41), (6, 41), (6, 41), (6, 41), (6, 41), (6, 41), (6, 41), (6, 41), (6, 41), (6, 41), (6, 41), (6, 41), (6, 41), (6, 41), (6, 41), (6, 41), (6, 41), (6, 41), (6, 41), (6, 41), (6, 41), (6, 41), (6, 41), (6, 41), (6, 41), (6, 41), (6, 41), (6, 41), (6, 41), (6, 41), (6, 41), (6, 41), (6, 41), (6, 41), (6, 41), (6, 41), (6, 41), (6, 41), (6, 41), (6, 41), (6, 41), (6, 41), (6, 41), (6, 41), (6, 41), (6, 41), (6, 41), (6, 41), (6, 41), (6, 41), (6, 42), (6, 42), (6, 42), (6, 42), (6, 42), (6, 42), (6, 42), (6, 42), (6, 42), (6, 42), (6, 42), (6, 42), (6, 42), (6, 42), (6, 42), (6, 42), (6, 42), (6, 42), (6, 42), (6, 42), (6, 42), (6, 42), (6, 42), (6, 42), (6, 42), (6, 42), (6, 42), (6, 42), (6, 42), (6, 42), (6, 42), (6, 42), (6, 42), (6, 42), (6, 42), (6, 42), (6, 42), (6, 42), (6, 42), (6, 42), (6, 42), (6, 42), (6, 42), (6, 42), (6, 42), (6, 42), (6, 42), (6, 42), (6, 42), (6, 42), (6, 42), (6, 42), (6, 42), (6, 42), (6, 42), (6, 42), (6, 42), (6, 42), (6, 42), (6, 42), (6, 42), (6, 42), (5, 43), (5, 43), (5, 43), (5, 43), (5, 43), (5, 43), (5, 43), (5, 43), (5, 43), (5, 43), (5, 43), (5, 43), (5, 43), (5, 43), (5, 43), (5, 43), (5, 43), (5, 43), (5, 43), (5, 43), (5, 43), (5, 43), (5, 43), (5, 43), (5, 43), (5, 43), (5, 43), (5, 43), (5, 43), (5, 43), (5, 43), (5, 43), (5, 43), (5, 43), (5, 43), (5, 43), (5, 43), (5, 43), (5, 43), (5, 43), (5, 43), (5, 43), (5, 43), (5, 43), (5, 43), (5, 43), (5, 43), (5, 43), (5, 43), (5, 43), (5, 43), (5, 43), (5, 43), (5, 43), (5, 43), (5, 43), (5, 43), (5, 43), (5, 43), (5, 43), (5, 43), (5, 43), (5, 43), (5, 43), (5, 43), (5, 43), (5, 43), (5, 43), (5, 43), (5, 43), (5, 43), (5, 43), (5, 43), (5, 43), (5, 43), (5, 43), (5, 43), (5, 43), (5, 43), (5, 43), (5, 43), (5, 43), (5, 43), (5, 43), (5, 43), (5, 43), (5, 43), (5, 43), (5, 43), (5, 43), (5, 43), (5, 43), (5, 43), (5, 43), (5, 43), (5, 43), (5, 43), (5, 43), (5, 43), (5, 43), (5, 43), (5, 43), (5, 43), (5, 43), (5, 43), (5, 43), (5, 43), (5, 43), (5, 43), (5, 43), (5, 43), (5, 43), (5, 43), (5, 43), (5, 43), (5, 43), (5, 43), (5, 43), (5, 43), (5, 43), (5, 43), (5, 43), (5, 43), (5, 43), (5, 43), (5, 43), (5, 43), (5, 43), (5, 43), (5, 43), (5, 43), (5, 43), (5, 43), (5, 43), (5, 43), (5, 43), (5, 43), (5, 43), (5, 43), (5, 43), (5, 43), (5, 43), (5, 43), (5, 43), (5, 43), (5, 43), (5, 43), (5, 43), (5, 43), (5, 43), (5, 43), (5, 43), (5, 43), (5, 43), (5, 43), (5, 43), (5, 43), (5, 43), (5, 43), (5, 43), (5, 43), (5, 43), (5, 43), (5, 43), (5, 43), (5, 43), (5, 43), (5, 43), (5, 43), (5, 43), (5, 43), (5, 43), (5, 43), (5, 43), (5, 43), (5, 43), (5, 43), (5, 43), (5, 43), (5, 43), (5, 43), (5, 43), (5, 43), (5, 43), (5, 43), (5, 43), (5, 43), (5, 43), (5, 43), (5, 43), (5, 43), (5, 43), (5, 43), (5, 43), (5, 43), (5, 43), (5, 43), (5, 43), (5, 43), (5, 43), (5, 43), (5, 43), (5, 43), (5, 43), (5, 43), (5, 43), (5, 43), (5, 43), (5, 44)]
Path length: 373


Init: [15, 52]
Goal: [3, 69]
Max: 5336.0

Failure

Time: 15.572145700454712
Current occupied memory: 90968
Peak occupied memory: 2039616
Grid height: 100
Grid width: 50
Traversable cells percentages: 0.98
Agglomeration factor: 0.55

Gli agenti sono stati generati con l'algoritmo ReachGoal
Agents: [[(34, 95), (34, 94), (34, 93), (34, 92), (34, 91), (34, 90), (34, 89), (34, 88), (34, 87), (34, 86), (34, 85), (34, 84), (34, 83), (34, 82), (34, 81), (34, 80), (34, 79), (34, 78), (34, 77), (34, 76), (34, 75), (34, 74), (34, 73), (34, 72), (34, 71), (34, 70), (33, 69), (33, 68)], [(10, 98), (11, 97), (12, 96), (13, 95), (14, 94), (15, 93), (16, 92), (17, 91), (18, 90), (19, 89), (20, 88), (21, 87), (22, 86), (23, 85), (24, 84), (25, 83), (26, 82), (27, 81), (28, 80), (29, 79), (30, 78), (31, 77), (32, 76), (33, 75), (34, 74), (35, 73), (36, 72), (37, 71), (38, 70), (39, 69), (40, 68), (41, 67), (42, 66), (43, 65), (44, 64)], [(3, 65), (4, 65), (5, 65), (6, 65), (7, 65), (8, 65), (9, 65), (10, 65), (11, 65), (12, 65), (13, 65), (14, 65), (15, 65), (16, 65), (17, 65), (18, 65), (19, 65), (20, 65), (21, 65), (22, 65), (23, 65), (24, 65), (25, 65), (26, 65), (27, 65), (28, 65), (29, 65), (30, 65), (31, 65), (32, 65), (33, 65), (34, 65), (35, 65), (36, 65), (37, 65), (38, 65), (39, 65), (40, 65), (41, 65), (42, 65), (43, 65), (44, 65), (45, 65), (46, 65), (47, 65), (48, 65)]]
Numero di agenti: 3


Agent 0
Path: [(34, 95), (34, 94), (34, 93), (34, 92), (34, 91), (34, 90), (34, 89), (34, 88), (34, 87), (34, 86), (34, 85), (34, 84), (34, 83), (34, 82), (34, 81), (34, 80), (34, 79), (34, 78), (34, 77), (34, 76), (34, 75), (34, 74), (34, 73), (34, 72), (34, 71), (34, 70), (33, 69), (33, 68)]
Path length: 28

Agent 1
Path: [(10, 98), (11, 97), (12, 96), (13, 95), (14, 94), (15, 93), (16, 92), (17, 91), (18, 90), (19, 89), (20, 88), (21, 87), (22, 86), (23, 85), (24, 84), (25, 83), (26, 82), (27, 81), (28, 80), (29, 79), (30, 78), (31, 77), (32, 76), (33, 75), (34, 74), (35, 73), (36, 72), (37, 71), (38, 70), (39, 69), (40, 68), (41, 67), (42, 66), (43, 65), (44, 64)]
Path length: 35

Agent 2
Path: [(3, 65), (4, 65), (5, 65), (6, 65), (7, 65), (8, 65), (9, 65), (10, 65), (11, 65), (12, 65), (13, 65), (14, 65), (15, 65), (16, 65), (17, 65), (18, 65), (19, 65), (20, 65), (21, 65), (22, 65), (23, 65), (24, 65), (25, 65), (26, 65), (27, 65), (28, 65), (29, 65), (30, 65), (31, 65), (32, 65), (33, 65), (34, 65), (35, 65), (36, 65), (37, 65), (38, 65), (39, 65), (40, 65), (41, 65), (42, 65), (43, 65), (44, 65), (45, 65), (46, 65), (47, 65), (48, 65)]
Path length: 46


Init: [15, 52]
Goal: [3, 69]
Max: 5009.0

Failure

Time: 22.049805164337158
Current occupied memory: 91640
Peak occupied memory: 2042192
Grid height: 100
Grid width: 50
Traversable cells percentages: 0.98
Agglomeration factor: 0.5

Gli agenti sono stati generati con l'algoritmo ReachGoal
Agents: [[(26, 32), (26, 33), (26, 34), (26, 35), (26, 36), (26, 37), (26, 38), (26, 39), (26, 40), (26, 41), (26, 42), (26, 43), (26, 44), (26, 45), (26, 46), (26, 47), (26, 48), (26, 49), (26, 50), (26, 51), (26, 52), (26, 53), (26, 54), (26, 55), (26, 56), (26, 57), (26, 58), (26, 59), (26, 60), (26, 61), (26, 62), (26, 63), (26, 64), (26, 65), (26, 66), (26, 67), (26, 68), (26, 69), (26, 70), (26, 71), (26, 72), (26, 73), (26, 74), (26, 75), (26, 76), (26, 77), (26, 78), (26, 79), (26, 80), (26, 81), (26, 82), (26, 83), (26, 84), (26, 85), (26, 86), (26, 87), (26, 88), (26, 89), (26, 90), (26, 91), (26, 92), (26, 93), (26, 94), (26, 95), (26, 96), (26, 97), (26, 98), (26, 99)], [(10, 98), (11, 97), (12, 96), (13, 95), (14, 94), (15, 93), (16, 92), (17, 91), (18, 90), (19, 89), (20, 88), (21, 87), (22, 86), (23, 85), (24, 84), (25, 83), (26, 82), (27, 81), (28, 80), (29, 79), (30, 78), (31, 77), (32, 76), (33, 75), (34, 74), (35, 73), (36, 72), (37, 71), (38, 70), (39, 69), (40, 68), (41, 67), (42, 66), (43, 65), (44, 64)], [(3, 65), (4, 65), (5, 65), (6, 65), (7, 65), (8, 65), (9, 65), (10, 65), (11, 65), (12, 65), (13, 65), (14, 65), (15, 65), (16, 65), (17, 65), (18, 65), (19, 65), (20, 65), (21, 65), (22, 65), (23, 65), (24, 65), (25, 65), (26, 65), (27, 65), (28, 65), (29, 65), (30, 65), (31, 65), (32, 65), (33, 65), (34, 65), (35, 65), (36, 65), (37, 65), (38, 65), (39, 65), (40, 65), (41, 65), (42, 65), (43, 65), (44, 65), (45, 65), (46, 65), (47, 65), (48, 65)]]
Numero di agenti: 3


Agent 0
Path: [(26, 32), (26, 33), (26, 34), (26, 35), (26, 36), (26, 37), (26, 38), (26, 39), (26, 40), (26, 41), (26, 42), (26, 43), (26, 44), (26, 45), (26, 46), (26, 47), (26, 48), (26, 49), (26, 50), (26, 51), (26, 52), (26, 53), (26, 54), (26, 55), (26, 56), (26, 57), (26, 58), (26, 59), (26, 60), (26, 61), (26, 62), (26, 63), (26, 64), (26, 65), (26, 66), (26, 67), (26, 68), (26, 69), (26, 70), (26, 71), (26, 72), (26, 73), (26, 74), (26, 75), (26, 76), (26, 77), (26, 78), (26, 79), (26, 80), (26, 81), (26, 82), (26, 83), (26, 84), (26, 85), (26, 86), (26, 87), (26, 88), (26, 89), (26, 90), (26, 91), (26, 92), (26, 93), (26, 94), (26, 95), (26, 96), (26, 97), (26, 98), (26, 99)]
Path length: 68

Agent 1
Path: [(10, 98), (11, 97), (12, 96), (13, 95), (14, 94), (15, 93), (16, 92), (17, 91), (18, 90), (19, 89), (20, 88), (21, 87), (22, 86), (23, 85), (24, 84), (25, 83), (26, 82), (27, 81), (28, 80), (29, 79), (30, 78), (31, 77), (32, 76), (33, 75), (34, 74), (35, 73), (36, 72), (37, 71), (38, 70), (39, 69), (40, 68), (41, 67), (42, 66), (43, 65), (44, 64)]
Path length: 35

Agent 2
Path: [(3, 65), (4, 65), (5, 65), (6, 65), (7, 65), (8, 65), (9, 65), (10, 65), (11, 65), (12, 65), (13, 65), (14, 65), (15, 65), (16, 65), (17, 65), (18, 65), (19, 65), (20, 65), (21, 65), (22, 65), (23, 65), (24, 65), (25, 65), (26, 65), (27, 65), (28, 65), (29, 65), (30, 65), (31, 65), (32, 65), (33, 65), (34, 65), (35, 65), (36, 65), (37, 65), (38, 65), (39, 65), (40, 65), (41, 65), (42, 65), (43, 65), (44, 65), (45, 65), (46, 65), (47, 65), (48, 65)]
Path length: 46


Init: [15, 52]
Goal: [3, 69]
Max: 5049.0

Failure

Time: 34.40524196624756
Current occupied memory: 91640
Peak occupied memory: 2042192
Grid height: 100
Grid width: 50
Traversable cells percentages: 0.98
Agglomeration factor: 0.45

Gli agenti sono stati generati con l'algoritmo ReachGoal
Agents: [[(33, 68), (33, 67), (33, 66), (33, 65), (32, 64), (32, 64), (32, 64), (32, 64), (32, 64), (32, 64), (32, 64), (32, 64), (32, 64), (32, 64), (31, 63), (31, 63), (31, 63), (31, 63), (31, 63), (31, 63), (31, 63), (31, 63), (31, 63), (31, 63), (31, 63), (31, 63), (31, 63), (31, 63), (31, 63), (31, 63), (31, 63), (31, 63), (31, 63), (31, 63), (31, 63), (31, 63), (31, 63), (31, 63), (31, 63), (31, 63), (31, 63), (31, 63), (31, 63), (31, 63), (31, 63), (31, 63), (31, 63), (31, 63), (31, 63), (31, 63), (31, 63), (31, 63), (31, 63), (31, 63), (31, 63), (31, 63), (31, 63), (31, 63), (31, 63), (31, 63), (31, 63), (31, 63), (31, 63), (31, 63), (31, 63), (31, 63), (30, 62), (30, 62), (30, 62), (30, 62), (30, 62), (30, 62), (30, 62), (30, 62), (30, 62), (30, 62), (30, 62), (30, 62), (30, 62), (30, 62), (30, 62), (30, 62), (30, 62), (30, 62), (30, 62), (30, 62), (30, 62), (30, 62), (30, 62), (30, 62), (30, 62), (30, 62), (30, 62), (30, 62), (30, 62), (30, 62), (30, 62), (30, 62), (30, 62), (30, 62), (30, 62), (30, 62), (30, 62), (30, 62), (30, 62), (30, 62), (30, 62), (30, 62), (30, 62), (30, 62), (30, 62), (30, 62), (30, 62), (30, 62), (30, 62), (30, 62), (30, 62), (30, 62), (30, 62), (30, 62), (30, 62), (30, 62), (30, 62), (30, 62), (30, 62), (30, 62), (30, 62), (30, 62), (30, 62), (30, 62), (30, 62), (30, 62), (30, 62), (30, 62), (30, 62), (30, 62), (30, 62), (30, 62), (30, 62), (30, 62), (30, 62), (30, 62), (30, 62), (30, 62), (30, 62), (30, 62), (30, 62), (30, 62), (30, 62), (30, 62), (30, 62), (30, 62), (30, 62), (30, 62), (30, 62), (30, 62), (30, 62), (30, 62), (30, 62), (30, 62), (30, 62), (30, 62), (30, 62), (30, 62), (30, 62), (30, 62), (30, 62), (30, 62), (30, 62), (30, 62), (30, 62), (30, 62), (30, 62), (30, 62), (30, 62), (30, 62), (30, 62), (30, 62), (30, 62), (30, 62), (30, 62), (30, 62), (30, 62), (30, 62), (30, 62), (30, 62), (30, 62), (30, 62), (30, 62), (30, 62), (30, 62), (30, 62), (30, 62), (30, 62), (30, 62), (30, 62), (30, 62), (30, 62), (30, 62), (30, 62), (30, 62), (30, 62), (30, 62), (30, 62), (30, 62), (30, 62), (30, 62), (30, 62), (30, 62), (30, 62), (30, 62), (30, 62), (30, 62), (30, 62), (30, 62), (30, 62), (30, 62), (30, 62), (30, 62), (30, 62), (30, 62), (30, 62), (30, 62), (30, 62), (30, 62), (30, 62), (30, 62), (30, 62), (30, 62), (30, 62), (30, 62), (30, 62), (30, 62), (30, 62), (30, 62), (30, 62), (30, 62), (30, 62), (30, 62), (30, 62), (30, 62), (30, 62), (30, 62), (30, 62), (30, 62), (30, 62), (30, 62), (30, 62), (30, 62), (30, 62), (30, 62), (30, 62), (30, 62), (30, 62), (30, 62), (30, 62), (30, 62), (30, 62), (30, 62), (30, 62), (30, 62), (30, 62), (30, 62), (30, 62), (30, 62), (30, 62), (30, 62), (30, 62), (30, 62), (30, 62), (30, 62), (30, 62), (30, 62), (30, 62), (30, 62), (30, 62), (30, 62), (30, 62), (30, 62), (30, 62), (30, 62), (30, 62), (30, 62), (30, 62), (30, 62), (30, 62), (30, 62), (30, 62), (30, 62), (30, 62), (30, 62), (30, 62), (30, 62), (30, 62), (30, 62), (30, 62), (30, 62), (30, 62), (30, 62), (30, 62), (30, 62), (30, 62), (30, 62), (30, 62), (30, 62), (30, 62), (30, 62), (30, 62), (30, 62), (30, 62), (30, 62), (30, 62), (30, 62), (30, 62), (30, 62), (30, 62), (30, 62), (30, 62), (30, 62), (30, 62), (30, 62), (30, 62), (30, 62), (30, 62), (30, 62), (30, 62), (30, 62), (30, 62), (30, 62), (30, 62), (30, 62), (30, 62), (30, 62), (30, 62), (30, 62), (30, 62), (30, 62), (30, 62), (30, 62), (30, 62), (30, 62), (30, 62), (30, 62), (30, 62), (30, 62), (30, 62), (30, 62), (30, 62), (30, 62), (30, 62), (30, 62), (30, 62), (30, 62), (30, 62), (30, 62), (30, 62), (30, 62), (30, 62), (30, 62), (30, 62), (30, 62), (30, 62), (30, 62), (30, 62), (30, 62), (30, 62), (30, 62), (30, 62), (30, 62), (30, 62), (30, 62), (30, 62), (30, 62), (30, 62), (30, 62), (30, 62), (30, 62), (30, 62), (30, 62), (30, 62), (30, 62), (30, 62), (30, 62), (30, 62), (30, 62), (30, 62), (30, 62), (30, 62), (30, 62), (30, 62), (30, 62), (30, 62), (30, 62), (30, 62), (30, 62), (30, 62), (30, 62), (30, 62), (30, 62), (30, 62), (30, 62), (30, 62), (30, 62), (30, 61), (30, 60), (30, 59), (30, 58), (30, 57), (30, 56), (30, 55), (30, 54)], [(33, 68), (32, 67), (32, 66), (32, 65), (31, 64), (31, 64), (31, 64), (31, 64), (31, 63), (31, 63), (31, 63), (30, 62), (30, 62), (30, 62), (30, 62), (30, 62), (30, 62), (30, 62), (30, 62), (30, 62), (30, 62), (30, 62), (30, 62), (30, 62), (30, 62), (30, 62), (30, 62), (30, 62), (30, 62), (30, 62), (30, 62), (30, 62), (30, 62), (30, 62), (30, 62), (30, 62), (30, 62), (30, 62), (30, 62), (30, 62), (30, 62), (30, 62), (30, 62), (30, 62), (30, 62), (30, 62), (30, 62), (30, 62), (30, 61), (30, 60), (30, 59), (30, 58), (30, 57), (30, 56), (30, 55), (30, 54)], [(3, 65), (4, 65), (5, 65), (6, 65), (7, 65), (8, 65), (9, 65), (10, 65), (11, 65), (12, 65), (13, 65), (14, 65), (15, 65), (16, 65), (17, 65), (18, 65), (19, 65), (20, 65), (21, 65), (22, 65), (23, 65), (24, 65), (25, 65), (26, 65), (27, 65), (28, 65), (29, 65), (30, 65), (31, 65), (32, 65), (33, 65), (34, 65), (35, 65), (36, 65), (37, 65), (38, 65), (39, 65), (40, 65), (41, 65), (42, 65), (43, 65), (44, 65), (45, 65), (46, 65), (47, 65), (48, 65)]]
Numero di agenti: 3


Agent 0
Path: [(33, 68), (33, 67), (33, 66), (33, 65), (32, 64), (32, 64), (32, 64), (32, 64), (32, 64), (32, 64), (32, 64), (32, 64), (32, 64), (32, 64), (31, 63), (31, 63), (31, 63), (31, 63), (31, 63), (31, 63), (31, 63), (31, 63), (31, 63), (31, 63), (31, 63), (31, 63), (31, 63), (31, 63), (31, 63), (31, 63), (31, 63), (31, 63), (31, 63), (31, 63), (31, 63), (31, 63), (31, 63), (31, 63), (31, 63), (31, 63), (31, 63), (31, 63), (31, 63), (31, 63), (31, 63), (31, 63), (31, 63), (31, 63), (31, 63), (31, 63), (31, 63), (31, 63), (31, 63), (31, 63), (31, 63), (31, 63), (31, 63), (31, 63), (31, 63), (31, 63), (31, 63), (31, 63), (31, 63), (31, 63), (31, 63), (31, 63), (30, 62), (30, 62), (30, 62), (30, 62), (30, 62), (30, 62), (30, 62), (30, 62), (30, 62), (30, 62), (30, 62), (30, 62), (30, 62), (30, 62), (30, 62), (30, 62), (30, 62), (30, 62), (30, 62), (30, 62), (30, 62), (30, 62), (30, 62), (30, 62), (30, 62), (30, 62), (30, 62), (30, 62), (30, 62), (30, 62), (30, 62), (30, 62), (30, 62), (30, 62), (30, 62), (30, 62), (30, 62), (30, 62), (30, 62), (30, 62), (30, 62), (30, 62), (30, 62), (30, 62), (30, 62), (30, 62), (30, 62), (30, 62), (30, 62), (30, 62), (30, 62), (30, 62), (30, 62), (30, 62), (30, 62), (30, 62), (30, 62), (30, 62), (30, 62), (30, 62), (30, 62), (30, 62), (30, 62), (30, 62), (30, 62), (30, 62), (30, 62), (30, 62), (30, 62), (30, 62), (30, 62), (30, 62), (30, 62), (30, 62), (30, 62), (30, 62), (30, 62), (30, 62), (30, 62), (30, 62), (30, 62), (30, 62), (30, 62), (30, 62), (30, 62), (30, 62), (30, 62), (30, 62), (30, 62), (30, 62), (30, 62), (30, 62), (30, 62), (30, 62), (30, 62), (30, 62), (30, 62), (30, 62), (30, 62), (30, 62), (30, 62), (30, 62), (30, 62), (30, 62), (30, 62), (30, 62), (30, 62), (30, 62), (30, 62), (30, 62), (30, 62), (30, 62), (30, 62), (30, 62), (30, 62), (30, 62), (30, 62), (30, 62), (30, 62), (30, 62), (30, 62), (30, 62), (30, 62), (30, 62), (30, 62), (30, 62), (30, 62), (30, 62), (30, 62), (30, 62), (30, 62), (30, 62), (30, 62), (30, 62), (30, 62), (30, 62), (30, 62), (30, 62), (30, 62), (30, 62), (30, 62), (30, 62), (30, 62), (30, 62), (30, 62), (30, 62), (30, 62), (30, 62), (30, 62), (30, 62), (30, 62), (30, 62), (30, 62), (30, 62), (30, 62), (30, 62), (30, 62), (30, 62), (30, 62), (30, 62), (30, 62), (30, 62), (30, 62), (30, 62), (30, 62), (30, 62), (30, 62), (30, 62), (30, 62), (30, 62), (30, 62), (30, 62), (30, 62), (30, 62), (30, 62), (30, 62), (30, 62), (30, 62), (30, 62), (30, 62), (30, 62), (30, 62), (30, 62), (30, 62), (30, 62), (30, 62), (30, 62), (30, 62), (30, 62), (30, 62), (30, 62), (30, 62), (30, 62), (30, 62), (30, 62), (30, 62), (30, 62), (30, 62), (30, 62), (30, 62), (30, 62), (30, 62), (30, 62), (30, 62), (30, 62), (30, 62), (30, 62), (30, 62), (30, 62), (30, 62), (30, 62), (30, 62), (30, 62), (30, 62), (30, 62), (30, 62), (30, 62), (30, 62), (30, 62), (30, 62), (30, 62), (30, 62), (30, 62), (30, 62), (30, 62), (30, 62), (30, 62), (30, 62), (30, 62), (30, 62), (30, 62), (30, 62), (30, 62), (30, 62), (30, 62), (30, 62), (30, 62), (30, 62), (30, 62), (30, 62), (30, 62), (30, 62), (30, 62), (30, 62), (30, 62), (30, 62), (30, 62), (30, 62), (30, 62), (30, 62), (30, 62), (30, 62), (30, 62), (30, 62), (30, 62), (30, 62), (30, 62), (30, 62), (30, 62), (30, 62), (30, 62), (30, 62), (30, 62), (30, 62), (30, 62), (30, 62), (30, 62), (30, 62), (30, 62), (30, 62), (30, 62), (30, 62), (30, 62), (30, 62), (30, 62), (30, 62), (30, 62), (30, 62), (30, 62), (30, 62), (30, 62), (30, 62), (30, 62), (30, 62), (30, 62), (30, 62), (30, 62), (30, 62), (30, 62), (30, 62), (30, 62), (30, 62), (30, 62), (30, 62), (30, 62), (30, 62), (30, 62), (30, 62), (30, 62), (30, 62), (30, 62), (30, 62), (30, 62), (30, 62), (30, 62), (30, 62), (30, 62), (30, 62), (30, 62), (30, 62), (30, 62), (30, 62), (30, 62), (30, 62), (30, 62), (30, 62), (30, 62), (30, 62), (30, 62), (30, 62), (30, 62), (30, 62), (30, 62), (30, 62), (30, 62), (30, 62), (30, 62), (30, 62), (30, 62), (30, 62), (30, 62), (30, 62), (30, 62), (30, 62), (30, 62), (30, 62), (30, 62), (30, 61), (30, 60), (30, 59), (30, 58), (30, 57), (30, 56), (30, 55), (30, 54)]
Path length: 411

Agent 1
Path: [(33, 68), (32, 67), (32, 66), (32, 65), (31, 64), (31, 64), (31, 64), (31, 64), (31, 63), (31, 63), (31, 63), (30, 62), (30, 62), (30, 62), (30, 62), (30, 62), (30, 62), (30, 62), (30, 62), (30, 62), (30, 62), (30, 62), (30, 62), (30, 62), (30, 62), (30, 62), (30, 62), (30, 62), (30, 62), (30, 62), (30, 62), (30, 62), (30, 62), (30, 62), (30, 62), (30, 62), (30, 62), (30, 62), (30, 62), (30, 62), (30, 62), (30, 62), (30, 62), (30, 62), (30, 62), (30, 62), (30, 62), (30, 62), (30, 61), (30, 60), (30, 59), (30, 58), (30, 57), (30, 56), (30, 55), (30, 54)]
Path length: 56

Agent 2
Path: [(3, 65), (4, 65), (5, 65), (6, 65), (7, 65), (8, 65), (9, 65), (10, 65), (11, 65), (12, 65), (13, 65), (14, 65), (15, 65), (16, 65), (17, 65), (18, 65), (19, 65), (20, 65), (21, 65), (22, 65), (23, 65), (24, 65), (25, 65), (26, 65), (27, 65), (28, 65), (29, 65), (30, 65), (31, 65), (32, 65), (33, 65), (34, 65), (35, 65), (36, 65), (37, 65), (38, 65), (39, 65), (40, 65), (41, 65), (42, 65), (43, 65), (44, 65), (45, 65), (46, 65), (47, 65), (48, 65)]
Path length: 46


Init: [15, 52]
Goal: [3, 69]
Max: 5413.0

Failure

Time: 24.728673219680786
Current occupied memory: 91640
Peak occupied memory: 2042192
Grid height: 100
Grid width: 50
Traversable cells percentages: 0.98
Agglomeration factor: 0.4

Gli agenti sono stati generati con l'algoritmo ReachGoal
Agents: [[(1, 52), (2, 52), (3, 52), (4, 52), (5, 52), (6, 52), (7, 52), (8, 52), (9, 52), (10, 52), (11, 52), (12, 52), (13, 52), (14, 52), (15, 52), (16, 52)], [(10, 98), (11, 97), (12, 96), (13, 95), (14, 94), (15, 93), (16, 92), (17, 91), (18, 90), (19, 89), (20, 88), (21, 87), (22, 86), (23, 85), (24, 84), (25, 83), (26, 82), (27, 81), (28, 80), (29, 79), (30, 78), (31, 77), (32, 76), (33, 75), (34, 74), (35, 73), (36, 72), (37, 71), (38, 70), (39, 69), (40, 68), (41, 67), (42, 66), (43, 65), (44, 64)], [(3, 65), (4, 65), (5, 65), (6, 65), (7, 65), (8, 65), (9, 65), (10, 65), (11, 65), (12, 65), (13, 65), (14, 65), (15, 65), (16, 65), (17, 65), (18, 65), (19, 65), (20, 65), (21, 65), (22, 65), (23, 65), (24, 65), (25, 65), (26, 65), (27, 65), (28, 65), (29, 65), (30, 65), (31, 65), (32, 65), (33, 65), (34, 65), (35, 65), (36, 65), (37, 65), (38, 65), (39, 65), (40, 65), (41, 65), (42, 65), (43, 65), (44, 65), (45, 65), (46, 65), (47, 65), (48, 65)]]
Numero di agenti: 3


Agent 0
Path: [(1, 52), (2, 52), (3, 52), (4, 52), (5, 52), (6, 52), (7, 52), (8, 52), (9, 52), (10, 52), (11, 52), (12, 52), (13, 52), (14, 52), (15, 52), (16, 52)]
Path length: 16

Agent 1
Path: [(10, 98), (11, 97), (12, 96), (13, 95), (14, 94), (15, 93), (16, 92), (17, 91), (18, 90), (19, 89), (20, 88), (21, 87), (22, 86), (23, 85), (24, 84), (25, 83), (26, 82), (27, 81), (28, 80), (29, 79), (30, 78), (31, 77), (32, 76), (33, 75), (34, 74), (35, 73), (36, 72), (37, 71), (38, 70), (39, 69), (40, 68), (41, 67), (42, 66), (43, 65), (44, 64)]
Path length: 35

Agent 2
Path: [(3, 65), (4, 65), (5, 65), (6, 65), (7, 65), (8, 65), (9, 65), (10, 65), (11, 65), (12, 65), (13, 65), (14, 65), (15, 65), (16, 65), (17, 65), (18, 65), (19, 65), (20, 65), (21, 65), (22, 65), (23, 65), (24, 65), (25, 65), (26, 65), (27, 65), (28, 65), (29, 65), (30, 65), (31, 65), (32, 65), (33, 65), (34, 65), (35, 65), (36, 65), (37, 65), (38, 65), (39, 65), (40, 65), (41, 65), (42, 65), (43, 65), (44, 65), (45, 65), (46, 65), (47, 65), (48, 65)]
Path length: 46


Init: [15, 52]
Goal: [3, 69]
Max: 4997.0

Failure

Time: 23.852710723876953
Current occupied memory: 91640
Peak occupied memory: 2042192
Grid height: 100
Grid width: 50
Traversable cells percentages: 0.98
Agglomeration factor: 0.35

Gli agenti sono stati generati con l'algoritmo ReachGoal
Agents: [[(26, 32), (26, 33), (26, 34), (26, 35), (26, 36), (26, 37), (26, 38), (26, 39), (26, 40), (26, 41), (26, 42), (26, 43), (26, 44), (26, 45), (26, 46), (26, 47), (26, 48), (26, 49), (26, 50), (26, 51), (26, 52), (26, 53), (26, 54), (26, 55), (26, 56), (26, 57), (26, 58), (26, 59), (26, 60), (26, 61), (26, 62), (26, 63), (26, 64), (26, 65), (26, 66), (26, 67), (26, 68), (26, 69), (26, 70), (26, 71), (26, 72), (26, 73), (26, 74), (26, 75), (26, 76), (26, 77), (26, 78), (26, 79), (26, 80), (26, 81), (26, 82), (26, 83), (26, 84), (26, 85), (26, 86), (26, 87), (26, 88), (26, 89), (26, 90), (26, 91), (26, 92), (26, 93), (26, 94), (26, 95), (26, 96), (26, 97), (26, 98), (26, 99)], [(10, 98), (11, 97), (12, 96), (13, 95), (14, 94), (15, 93), (16, 92), (17, 91), (18, 90), (19, 89), (20, 88), (21, 87), (22, 86), (23, 85), (24, 84), (25, 83), (26, 82), (27, 81), (28, 80), (29, 79), (30, 78), (31, 77), (32, 76), (33, 75), (34, 74), (35, 73), (36, 72), (37, 71), (38, 70), (39, 69), (40, 68), (41, 67), (42, 66), (43, 65), (44, 64)], [(3, 65), (4, 65), (5, 65), (6, 65), (7, 65), (8, 65), (9, 65), (10, 65), (11, 65), (12, 65), (13, 65), (14, 65), (15, 65), (16, 65), (17, 65), (18, 65), (19, 65), (20, 65), (21, 65), (22, 65), (23, 65), (24, 65), (25, 65), (26, 65), (27, 65), (28, 65), (29, 65), (30, 65), (31, 65), (32, 65), (33, 65), (34, 65), (35, 65), (36, 65), (37, 65), (38, 65), (39, 65), (40, 65), (41, 65), (42, 65), (43, 65), (44, 65), (45, 65), (46, 65), (47, 65), (48, 65)]]
Numero di agenti: 3


Agent 0
Path: [(26, 32), (26, 33), (26, 34), (26, 35), (26, 36), (26, 37), (26, 38), (26, 39), (26, 40), (26, 41), (26, 42), (26, 43), (26, 44), (26, 45), (26, 46), (26, 47), (26, 48), (26, 49), (26, 50), (26, 51), (26, 52), (26, 53), (26, 54), (26, 55), (26, 56), (26, 57), (26, 58), (26, 59), (26, 60), (26, 61), (26, 62), (26, 63), (26, 64), (26, 65), (26, 66), (26, 67), (26, 68), (26, 69), (26, 70), (26, 71), (26, 72), (26, 73), (26, 74), (26, 75), (26, 76), (26, 77), (26, 78), (26, 79), (26, 80), (26, 81), (26, 82), (26, 83), (26, 84), (26, 85), (26, 86), (26, 87), (26, 88), (26, 89), (26, 90), (26, 91), (26, 92), (26, 93), (26, 94), (26, 95), (26, 96), (26, 97), (26, 98), (26, 99)]
Path length: 68

Agent 1
Path: [(10, 98), (11, 97), (12, 96), (13, 95), (14, 94), (15, 93), (16, 92), (17, 91), (18, 90), (19, 89), (20, 88), (21, 87), (22, 86), (23, 85), (24, 84), (25, 83), (26, 82), (27, 81), (28, 80), (29, 79), (30, 78), (31, 77), (32, 76), (33, 75), (34, 74), (35, 73), (36, 72), (37, 71), (38, 70), (39, 69), (40, 68), (41, 67), (42, 66), (43, 65), (44, 64)]
Path length: 35

Agent 2
Path: [(3, 65), (4, 65), (5, 65), (6, 65), (7, 65), (8, 65), (9, 65), (10, 65), (11, 65), (12, 65), (13, 65), (14, 65), (15, 65), (16, 65), (17, 65), (18, 65), (19, 65), (20, 65), (21, 65), (22, 65), (23, 65), (24, 65), (25, 65), (26, 65), (27, 65), (28, 65), (29, 65), (30, 65), (31, 65), (32, 65), (33, 65), (34, 65), (35, 65), (36, 65), (37, 65), (38, 65), (39, 65), (40, 65), (41, 65), (42, 65), (43, 65), (44, 65), (45, 65), (46, 65), (47, 65), (48, 65)]
Path length: 46


Init: [15, 52]
Goal: [3, 69]
Max: 5049.0

Failure

Time: 23.76449489593506
Current occupied memory: 91640
Peak occupied memory: 2042192
Grid height: 100
Grid width: 50
Traversable cells percentages: 0.98
Agglomeration factor: 0.3

Gli agenti sono stati generati con l'algoritmo ReachGoal
Agents: [[(26, 32), (26, 33), (26, 34), (26, 35), (26, 36), (26, 37), (26, 38), (26, 39), (26, 40), (26, 41), (26, 42), (26, 43), (26, 44), (26, 45), (26, 46), (26, 47), (26, 48), (26, 49), (26, 50), (26, 51), (26, 52), (26, 53), (26, 54), (26, 55), (26, 56), (26, 57), (26, 58), (26, 59), (26, 60), (26, 61), (26, 62), (26, 63), (26, 64), (26, 65), (26, 66), (26, 67), (26, 68), (26, 69), (26, 70), (26, 71), (26, 72), (26, 73), (26, 74), (26, 75), (26, 76), (26, 77), (26, 78), (26, 79), (26, 80), (26, 81), (26, 82), (26, 83), (26, 84), (26, 85), (26, 86), (26, 87), (26, 88), (26, 89), (26, 90), (26, 91), (26, 92), (26, 93), (26, 94), (26, 95), (26, 96), (26, 97), (26, 98), (26, 99)], [(10, 98), (11, 97), (12, 96), (13, 95), (14, 94), (15, 93), (16, 92), (17, 91), (18, 90), (19, 89), (20, 88), (21, 87), (22, 86), (23, 85), (24, 84), (25, 83), (26, 82), (27, 81), (28, 80), (29, 79), (30, 78), (31, 77), (32, 76), (33, 75), (34, 74), (35, 73), (36, 72), (37, 71), (38, 70), (39, 69), (40, 68), (41, 67), (42, 66), (43, 65), (44, 64)], [(31, 69), (30, 69), (29, 68), (28, 68)]]
Numero di agenti: 3


Agent 0
Path: [(26, 32), (26, 33), (26, 34), (26, 35), (26, 36), (26, 37), (26, 38), (26, 39), (26, 40), (26, 41), (26, 42), (26, 43), (26, 44), (26, 45), (26, 46), (26, 47), (26, 48), (26, 49), (26, 50), (26, 51), (26, 52), (26, 53), (26, 54), (26, 55), (26, 56), (26, 57), (26, 58), (26, 59), (26, 60), (26, 61), (26, 62), (26, 63), (26, 64), (26, 65), (26, 66), (26, 67), (26, 68), (26, 69), (26, 70), (26, 71), (26, 72), (26, 73), (26, 74), (26, 75), (26, 76), (26, 77), (26, 78), (26, 79), (26, 80), (26, 81), (26, 82), (26, 83), (26, 84), (26, 85), (26, 86), (26, 87), (26, 88), (26, 89), (26, 90), (26, 91), (26, 92), (26, 93), (26, 94), (26, 95), (26, 96), (26, 97), (26, 98), (26, 99)]
Path length: 68

Agent 1
Path: [(10, 98), (11, 97), (12, 96), (13, 95), (14, 94), (15, 93), (16, 92), (17, 91), (18, 90), (19, 89), (20, 88), (21, 87), (22, 86), (23, 85), (24, 84), (25, 83), (26, 82), (27, 81), (28, 80), (29, 79), (30, 78), (31, 77), (32, 76), (33, 75), (34, 74), (35, 73), (36, 72), (37, 71), (38, 70), (39, 69), (40, 68), (41, 67), (42, 66), (43, 65), (44, 64)]
Path length: 35

Agent 2
Path: [(31, 69), (30, 69), (29, 68), (28, 68)]
Path length: 4


Init: [15, 52]
Goal: [3, 69]
Max: 5007.0

Failure

Time: 24.647748231887817
Current occupied memory: 91024
Peak occupied memory: 2039864
Grid height: 100
Grid width: 50
Traversable cells percentages: 0.98
Agglomeration factor: 0.25

Gli agenti sono stati generati con l'algoritmo ReachGoal
Agents: [[(1, 52), (2, 52), (3, 52), (4, 52), (5, 52), (6, 52), (7, 52), (8, 52), (9, 52), (10, 52), (11, 52), (12, 52), (13, 52), (14, 52), (15, 52), (16, 52)], [(10, 98), (11, 97), (12, 96), (13, 95), (14, 94), (15, 93), (16, 92), (17, 91), (18, 90), (19, 89), (20, 88), (21, 87), (22, 86), (23, 85), (24, 84), (25, 83), (26, 82), (27, 81), (28, 80), (29, 79), (30, 78), (31, 77), (32, 76), (33, 75), (34, 74), (35, 73), (36, 72), (37, 71), (38, 70), (39, 69), (40, 68), (41, 67), (42, 66), (43, 65), (44, 64)], [(31, 69), (30, 69), (29, 68), (28, 68)]]
Numero di agenti: 3


Agent 0
Path: [(1, 52), (2, 52), (3, 52), (4, 52), (5, 52), (6, 52), (7, 52), (8, 52), (9, 52), (10, 52), (11, 52), (12, 52), (13, 52), (14, 52), (15, 52), (16, 52)]
Path length: 16

Agent 1
Path: [(10, 98), (11, 97), (12, 96), (13, 95), (14, 94), (15, 93), (16, 92), (17, 91), (18, 90), (19, 89), (20, 88), (21, 87), (22, 86), (23, 85), (24, 84), (25, 83), (26, 82), (27, 81), (28, 80), (29, 79), (30, 78), (31, 77), (32, 76), (33, 75), (34, 74), (35, 73), (36, 72), (37, 71), (38, 70), (39, 69), (40, 68), (41, 67), (42, 66), (43, 65), (44, 64)]
Path length: 35

Agent 2
Path: [(31, 69), (30, 69), (29, 68), (28, 68)]
Path length: 4


Init: [15, 52]
Goal: [3, 69]
Max: 4955.0

Failure

Time: 21.76741337776184
Current occupied memory: 91024
Peak occupied memory: 2039864
Grid height: 100
Grid width: 50
Traversable cells percentages: 0.98
Agglomeration factor: 0.2

Gli agenti sono stati generati con l'algoritmo ReachGoal
Agents: [[(34, 95), (34, 94), (34, 93), (34, 92), (34, 91), (34, 90), (34, 89), (34, 88), (34, 87), (34, 86), (34, 85), (34, 84), (34, 83), (34, 82), (34, 81), (34, 80), (34, 79), (34, 78), (34, 77), (34, 76), (34, 75), (34, 74), (34, 73), (34, 72), (34, 71), (34, 70), (33, 69), (33, 68)], [(10, 98), (11, 97), (12, 96), (13, 95), (14, 94), (15, 93), (16, 92), (17, 91), (18, 90), (19, 89), (20, 88), (21, 87), (22, 86), (23, 85), (24, 84), (25, 83), (26, 82), (27, 81), (28, 80), (29, 79), (30, 78), (31, 77), (32, 76), (33, 75), (34, 74), (35, 73), (36, 72), (37, 71), (38, 70), (39, 69), (40, 68), (41, 67), (42, 66), (43, 65), (44, 64)], [(3, 65), (4, 65), (5, 65), (6, 65), (7, 65), (8, 65), (9, 65), (10, 65), (11, 65), (12, 65), (13, 65), (14, 65), (15, 65), (16, 65), (17, 65), (18, 65), (19, 65), (20, 65), (21, 65), (22, 65), (23, 65), (24, 65), (25, 65), (26, 65), (27, 65), (28, 65), (29, 65), (30, 65), (31, 65), (32, 65), (33, 65), (34, 65), (35, 65), (36, 65), (37, 65), (38, 65), (39, 65), (40, 65), (41, 65), (42, 65), (43, 65), (44, 65), (45, 65), (46, 65), (47, 65), (48, 65)]]
Numero di agenti: 3


Agent 0
Path: [(34, 95), (34, 94), (34, 93), (34, 92), (34, 91), (34, 90), (34, 89), (34, 88), (34, 87), (34, 86), (34, 85), (34, 84), (34, 83), (34, 82), (34, 81), (34, 80), (34, 79), (34, 78), (34, 77), (34, 76), (34, 75), (34, 74), (34, 73), (34, 72), (34, 71), (34, 70), (33, 69), (33, 68)]
Path length: 28

Agent 1
Path: [(10, 98), (11, 97), (12, 96), (13, 95), (14, 94), (15, 93), (16, 92), (17, 91), (18, 90), (19, 89), (20, 88), (21, 87), (22, 86), (23, 85), (24, 84), (25, 83), (26, 82), (27, 81), (28, 80), (29, 79), (30, 78), (31, 77), (32, 76), (33, 75), (34, 74), (35, 73), (36, 72), (37, 71), (38, 70), (39, 69), (40, 68), (41, 67), (42, 66), (43, 65), (44, 64)]
Path length: 35

Agent 2
Path: [(3, 65), (4, 65), (5, 65), (6, 65), (7, 65), (8, 65), (9, 65), (10, 65), (11, 65), (12, 65), (13, 65), (14, 65), (15, 65), (16, 65), (17, 65), (18, 65), (19, 65), (20, 65), (21, 65), (22, 65), (23, 65), (24, 65), (25, 65), (26, 65), (27, 65), (28, 65), (29, 65), (30, 65), (31, 65), (32, 65), (33, 65), (34, 65), (35, 65), (36, 65), (37, 65), (38, 65), (39, 65), (40, 65), (41, 65), (42, 65), (43, 65), (44, 65), (45, 65), (46, 65), (47, 65), (48, 65)]
Path length: 46


Init: [15, 52]
Goal: [3, 69]
Max: 5009.0

Failure

Time: 22.302955627441406
Current occupied memory: 91640
Peak occupied memory: 2042192
Grid height: 100
Grid width: 50
Traversable cells percentages: 0.98
Agglomeration factor: 0.15

Gli agenti sono stati generati con l'algoritmo ReachGoal
Agents: [[(26, 99), (26, 98), (26, 97), (26, 96), (26, 95), (26, 94), (26, 93), (26, 92), (26, 91), (26, 90), (26, 89), (26, 88), (26, 87), (26, 86), (26, 85), (26, 84), (26, 83), (26, 82), (26, 81), (26, 80), (26, 79), (26, 78), (26, 77), (26, 76), (26, 75), (26, 74), (26, 73), (26, 72), (26, 71), (26, 70), (26, 69), (26, 68), (26, 67), (27, 66)], [(10, 98), (11, 97), (12, 96), (13, 95), (14, 94), (15, 93), (16, 92), (17, 91), (18, 90), (19, 89), (20, 88), (21, 87), (22, 86), (23, 85), (24, 84), (25, 83), (26, 82), (27, 81), (28, 80), (29, 79), (30, 78), (31, 77), (32, 76), (33, 75), (34, 74), (35, 73), (36, 72), (37, 71), (38, 70), (39, 69), (40, 68), (41, 67), (42, 66), (43, 65), (44, 64)], [(3, 65), (4, 65), (5, 65), (6, 65), (7, 65), (8, 65), (9, 65), (10, 65), (11, 65), (12, 65), (13, 65), (14, 65), (15, 65), (16, 65), (17, 65), (18, 65), (19, 65), (20, 65), (21, 65), (22, 65), (23, 65), (24, 65), (25, 65), (26, 65), (27, 65), (28, 65), (29, 65), (30, 65), (31, 65), (32, 65), (33, 65), (34, 65), (35, 65), (36, 65), (37, 65), (38, 65), (39, 65), (40, 65), (41, 65), (42, 65), (43, 65), (44, 65), (45, 65), (46, 65), (47, 65), (48, 65)]]
Numero di agenti: 3


Agent 0
Path: [(26, 99), (26, 98), (26, 97), (26, 96), (26, 95), (26, 94), (26, 93), (26, 92), (26, 91), (26, 90), (26, 89), (26, 88), (26, 87), (26, 86), (26, 85), (26, 84), (26, 83), (26, 82), (26, 81), (26, 80), (26, 79), (26, 78), (26, 77), (26, 76), (26, 75), (26, 74), (26, 73), (26, 72), (26, 71), (26, 70), (26, 69), (26, 68), (26, 67), (27, 66)]
Path length: 34

Agent 1
Path: [(10, 98), (11, 97), (12, 96), (13, 95), (14, 94), (15, 93), (16, 92), (17, 91), (18, 90), (19, 89), (20, 88), (21, 87), (22, 86), (23, 85), (24, 84), (25, 83), (26, 82), (27, 81), (28, 80), (29, 79), (30, 78), (31, 77), (32, 76), (33, 75), (34, 74), (35, 73), (36, 72), (37, 71), (38, 70), (39, 69), (40, 68), (41, 67), (42, 66), (43, 65), (44, 64)]
Path length: 35

Agent 2
Path: [(3, 65), (4, 65), (5, 65), (6, 65), (7, 65), (8, 65), (9, 65), (10, 65), (11, 65), (12, 65), (13, 65), (14, 65), (15, 65), (16, 65), (17, 65), (18, 65), (19, 65), (20, 65), (21, 65), (22, 65), (23, 65), (24, 65), (25, 65), (26, 65), (27, 65), (28, 65), (29, 65), (30, 65), (31, 65), (32, 65), (33, 65), (34, 65), (35, 65), (36, 65), (37, 65), (38, 65), (39, 65), (40, 65), (41, 65), (42, 65), (43, 65), (44, 65), (45, 65), (46, 65), (47, 65), (48, 65)]
Path length: 46


Init: [15, 52]
Goal: [3, 69]
Max: 5015.0

Failure

Time: 19.043776035308838
Current occupied memory: 91640
Peak occupied memory: 2042192
Grid height: 100
Grid width: 50
Traversable cells percentages: 0.98
Agglomeration factor: 0.1

Gli agenti sono stati generati con l'algoritmo ReachGoal
Agents: [[(1, 52), (2, 52), (3, 52), (4, 52), (5, 52), (6, 52), (7, 52), (8, 52), (9, 52), (10, 52), (11, 52), (12, 52), (13, 52), (14, 52), (15, 52), (16, 52)], [(10, 98), (11, 97), (12, 96), (13, 95), (14, 94), (15, 93), (16, 92), (17, 91), (18, 90), (19, 89), (20, 88), (21, 87), (22, 86), (23, 85), (24, 84), (25, 83), (26, 82), (27, 81), (28, 80), (29, 79), (30, 78), (31, 77), (32, 76), (33, 75), (34, 74), (35, 73), (36, 72), (37, 71), (38, 70), (39, 69), (40, 68), (41, 67), (42, 66), (43, 65), (44, 64)], [(3, 65), (4, 65), (5, 65), (6, 65), (7, 65), (8, 65), (9, 65), (10, 65), (11, 65), (12, 65), (13, 65), (14, 65), (15, 65), (16, 65), (17, 65), (18, 65), (19, 65), (20, 65), (21, 65), (22, 65), (23, 65), (24, 65), (25, 65), (26, 65), (27, 65), (28, 65), (29, 65), (30, 65), (31, 65), (32, 65), (33, 65), (34, 65), (35, 65), (36, 65), (37, 65), (38, 65), (39, 65), (40, 65), (41, 65), (42, 65), (43, 65), (44, 65), (45, 65), (46, 65), (47, 65), (48, 65)]]
Numero di agenti: 3


Agent 0
Path: [(1, 52), (2, 52), (3, 52), (4, 52), (5, 52), (6, 52), (7, 52), (8, 52), (9, 52), (10, 52), (11, 52), (12, 52), (13, 52), (14, 52), (15, 52), (16, 52)]
Path length: 16

Agent 1
Path: [(10, 98), (11, 97), (12, 96), (13, 95), (14, 94), (15, 93), (16, 92), (17, 91), (18, 90), (19, 89), (20, 88), (21, 87), (22, 86), (23, 85), (24, 84), (25, 83), (26, 82), (27, 81), (28, 80), (29, 79), (30, 78), (31, 77), (32, 76), (33, 75), (34, 74), (35, 73), (36, 72), (37, 71), (38, 70), (39, 69), (40, 68), (41, 67), (42, 66), (43, 65), (44, 64)]
Path length: 35

Agent 2
Path: [(3, 65), (4, 65), (5, 65), (6, 65), (7, 65), (8, 65), (9, 65), (10, 65), (11, 65), (12, 65), (13, 65), (14, 65), (15, 65), (16, 65), (17, 65), (18, 65), (19, 65), (20, 65), (21, 65), (22, 65), (23, 65), (24, 65), (25, 65), (26, 65), (27, 65), (28, 65), (29, 65), (30, 65), (31, 65), (32, 65), (33, 65), (34, 65), (35, 65), (36, 65), (37, 65), (38, 65), (39, 65), (40, 65), (41, 65), (42, 65), (43, 65), (44, 65), (45, 65), (46, 65), (47, 65), (48, 65)]
Path length: 46


Init: [15, 52]
Goal: [3, 69]
Max: 4997.0

Failure

Time: 22.143677949905396
Current occupied memory: 91584
Peak occupied memory: 2012584