Grid height: 30
Grid width: 25
Traversable cells percentages: 0.98
Agglomeration factor: 0.5

Gli agenti sono stati generati con l'algoritmo ReachGoal
Agents: [[(6, 3), (6, 4), (7, 5), (7, 5), (7, 6), (7, 6), (7, 7), (7, 7), (7, 8), (7, 8), (7, 9)], [(18, 16), (17, 15), (16, 15), (15, 15), (14, 15), (13, 15), (12, 15), (11, 15), (10, 14), (10, 14), (10, 14), (10, 14), (10, 14), (10, 14), (10, 14), (10, 14), (10, 14), (10, 14), (10, 14), (10, 14), (10, 14), (10, 14), (10, 14), (10, 14), (10, 14), (10, 14), (10, 14), (10, 14), (10, 14), (10, 14), (10, 14), (10, 14), (10, 14), (10, 14), (10, 14), (10, 14), (9, 13), (8, 12), (7, 11), (6, 10), (5, 9), (4, 8), (3, 7)], [(8, 27), (8, 26), (8, 25), (8, 24), (8, 23), (8, 22), (8, 21), (8, 20), (8, 19), (8, 18), (8, 17), (8, 16), (8, 15), (8, 14), (8, 13), (8, 12), (8, 11), (8, 10), (8, 9), (8, 8), (8, 7), (8, 6), (8, 5), (8, 4), (8, 3)]]
Numero di agenti: 3


Agent 0
Path: [(6, 3), (6, 4), (7, 5), (7, 5), (7, 6), (7, 6), (7, 7), (7, 7), (7, 8), (7, 8), (7, 9)]
Path length: 11

Agent 1
Path: [(18, 16), (17, 15), (16, 15), (15, 15), (14, 15), (13, 15), (12, 15), (11, 15), (10, 14), (10, 14), (10, 14), (10, 14), (10, 14), (10, 14), (10, 14), (10, 14), (10, 14), (10, 14), (10, 14), (10, 14), (10, 14), (10, 14), (10, 14), (10, 14), (10, 14), (10, 14), (10, 14), (10, 14), (10, 14), (10, 14), (10, 14), (10, 14), (10, 14), (10, 14), (10, 14), (10, 14), (9, 13), (8, 12), (7, 11), (6, 10), (5, 9), (4, 8), (3, 7)]
Path length: 43

Agent 2
Path: [(8, 27), (8, 26), (8, 25), (8, 24), (8, 23), (8, 22), (8, 21), (8, 20), (8, 19), (8, 18), (8, 17), (8, 16), (8, 15), (8, 14), (8, 13), (8, 12), (8, 11), (8, 10), (8, 9), (8, 8), (8, 7), (8, 6), (8, 5), (8, 4), (8, 3)]
Path length: 25


Init: [8, 13]
Goal: [2, 18]
Max: 500

Path: [(8, 13), (7, 13), (6, 14), (5, 15), (4, 16), (3, 17), (2, 18)]
Mosse wait: 0
Cost to reach the goal: 8.071067811865476

Time: 0.0
Current occupied memory: 112
Peak occupied memory: 13344
Heuristic: diagonal distance


Grid height: 35
Grid width: 30
Traversable cells percentages: 0.98
Agglomeration factor: 0.5

Gli agenti sono stati generati con l'algoritmo ReachGoal
Agents: [[(7, 18), (8, 17), (9, 16), (10, 15), (11, 14), (12, 13), (13, 12), (14, 11), (15, 10), (16, 9), (17, 8), (18, 7), (19, 6)], [(18, 31), (18, 30), (18, 29), (17, 28), (16, 27), (15, 26), (14, 25), (13, 24), (12, 23), (11, 22), (10, 21), (9, 20), (8, 19), (7, 18), (6, 17), (6, 17), (6, 17), (6, 17), (6, 17), (6, 17), (6, 17), (6, 17), (6, 17), (6, 17), (6, 17), (6, 17), (6, 17), (6, 17), (6, 17), (6, 17), (6, 17), (6, 17), (6, 17), (6, 17), (6, 17), (6, 17), (6, 17), (6, 17), (6, 17), (6, 17), (6, 17), (6, 17), (6, 17), (6, 17), (6, 17), (6, 17), (6, 17), (6, 17), (6, 17), (6, 17), (6, 17), (6, 17), (6, 17), (6, 17), (6, 17), (6, 17), (6, 17), (6, 17), (6, 17), (6, 17), (6, 17), (6, 17), (6, 17), (6, 17), (6, 17), (6, 17), (6, 17), (6, 17), (6, 17), (6, 17), (6, 17), (6, 17), (6, 17), (6, 17), (6, 17), (6, 17), (6, 17), (6, 17), (6, 17), (6, 17), (6, 17), (6, 17), (6, 17), (6, 17), (6, 17), (6, 17), (6, 17), (6, 17), (6, 17), (6, 17), (6, 17), (6, 17), (6, 17), (6, 17), (6, 17), (6, 17), (6, 17), (6, 17), (6, 17), (6, 17), (6, 17), (6, 17), (6, 17), (6, 17), (6, 17), (6, 17), (6, 17), (6, 17), (6, 17), (6, 17), (6, 17), (6, 17), (6, 17), (6, 17), (6, 17), (6, 17), (6, 17), (6, 17), (6, 17), (6, 17), (6, 17), (6, 17), (6, 17), (6, 17), (6, 17), (6, 17), (6, 17), (6, 17), (6, 17), (6, 17), (6, 17), (6, 17), (6, 17), (6, 17), (6, 17), (6, 17), (6, 17), (6, 17), (6, 17), (6, 17), (6, 17), (6, 17), (6, 17), (6, 17), (6, 17), (6, 17), (6, 17), (6, 17), (6, 17), (6, 17), (6, 17), (6, 17), (6, 17), (6, 17), (6, 17), (6, 17), (6, 17), (6, 17), (6, 17), (6, 17), (6, 17), (6, 17), (6, 17), (6, 17), (6, 17), (6, 17), (6, 17), (6, 17), (6, 17), (6, 17), (6, 17), (6, 17), (6, 17), (6, 17), (6, 17), (6, 17), (6, 17), (6, 17), (6, 17), (6, 17), (6, 17), (6, 17), (6, 17), (6, 17), (6, 17), (6, 17), (6, 17), (6, 17), (6, 17), (6, 17), (6, 17), (6, 17), (6, 17), (6, 17), (6, 17), (6, 17), (6, 17), (6, 17), (6, 17), (6, 17), (6, 17), (6, 17), (6, 17), (6, 17), (6, 17), (6, 17), (6, 17), (6, 17), (6, 17), (6, 17), (6, 17), (6, 17), (6, 17), (6, 17), (6, 17), (6, 17), (6, 17), (6, 17), (6, 17), (6, 17), (6, 17), (6, 17), (6, 17), (6, 17), (6, 17), (6, 17), (6, 17), (6, 17), (6, 17), (6, 17), (6, 17), (6, 17), (6, 17), (6, 17), (6, 17), (6, 17), (6, 17), (6, 17), (6, 17), (6, 17), (6, 17), (6, 17), (6, 17), (6, 17), (6, 17), (6, 17), (6, 17), (6, 17), (6, 17), (6, 17), (6, 17), (6, 17), (6, 17), (6, 17), (6, 17), (6, 17), (6, 17), (6, 17), (6, 17), (6, 17), (6, 17), (6, 17), (6, 17), (6, 17), (6, 17), (6, 17), (6, 17), (6, 17), (6, 17), (6, 17), (6, 17), (6, 17), (6, 17), (6, 17), (6, 17), (6, 17), (6, 17), (6, 17), (6, 17), (6, 17), (6, 17), (6, 17), (6, 17), (6, 17), (6, 17), (6, 17), (6, 17), (6, 17), (6, 17), (6, 17), (6, 17), (6, 17), (6, 17), (6, 17), (6, 17), (6, 17), (6, 17), (6, 17), (6, 17), (6, 17), (6, 17), (6, 17), (6, 17), (6, 17), (6, 17), (6, 17), (6, 17), (6, 17), (6, 17), (6, 17), (6, 17), (6, 17), (6, 17), (6, 17), (6, 17), (6, 17), (6, 17), (6, 17), (6, 17), (6, 17), (6, 17), (6, 17), (6, 17), (6, 17), (6, 17), (6, 17), (6, 17), (6, 17), (6, 17), (6, 17), (6, 17), (6, 17), (6, 17), (6, 17), (6, 17), (6, 17), (6, 17), (6, 17), (6, 17), (6, 17), (6, 17), (6, 17), (6, 17), (6, 17), (6, 17), (6, 17), (6, 17), (6, 17), (6, 17), (6, 17), (6, 17), (6, 17), (6, 17), (6, 17), (6, 17), (6, 17), (6, 17), (6, 17), (6, 17), (6, 17), (6, 17), (6, 17), (6, 17), (6, 17), (6, 17), (6, 17), (6, 17), (6, 17), (6, 17), (6, 17), (6, 17), (6, 17), (6, 17), (6, 17), (6, 17), (6, 17), (6, 17), (6, 17), (6, 17), (6, 17), (6, 17), (6, 17), (6, 17), (6, 17), (6, 17), (6, 17), (6, 17), (6, 17), (6, 17), (6, 17), (6, 17), (6, 17), (6, 17), (6, 17), (6, 17), (6, 17), (6, 17), (6, 17), (6, 17), (6, 17), (6, 17), (6, 17), (6, 17), (6, 17), (6, 17), (6, 17), (6, 17), (6, 17), (6, 17), (6, 17), (6, 17), (6, 17), (6, 17), (6, 17), (6, 17), (6, 17), (6, 17), (6, 17), (6, 17), (6, 17), (6, 17), (6, 17), (6, 17), (6, 17), (6, 17), (6, 17), (6, 17), (6, 17), (6, 17), (6, 17), (6, 17), (6, 17), (6, 17), (6, 17), (6, 17), (6, 17), (6, 17), (6, 17), (6, 17), (6, 17), (6, 17), (6, 17), (6, 17), (6, 17), (6, 17), (6, 17), (6, 17), (6, 17), (6, 17), (6, 17), (6, 17), (6, 17), (6, 17), (6, 17), (6, 17), (5, 16), (4, 15), (3, 14)], [(18, 31), (17, 30), (16, 29), (15, 28), (14, 27), (13, 26), (12, 25), (11, 24), (11, 23), (10, 22), (10, 22), (10, 22), (10, 22), (10, 22), (10, 22), (10, 22), (10, 22), (10, 22), (10, 22), (10, 22), (10, 22), (10, 22), (10, 22), (10, 22), (10, 22), (10, 22), (10, 22), (10, 22), (10, 22), (10, 22), (10, 22), (10, 22), (10, 22), (10, 22), (10, 22), (10, 22), (10, 22), (10, 22), (10, 22), (10, 22), (10, 22), (10, 22), (10, 22), (10, 22), (10, 22), (10, 22), (10, 22), (10, 22), (10, 22), (10, 22), (10, 22), (10, 22), (10, 22), (10, 22), (10, 22), (10, 22), (10, 22), (10, 22), (10, 22), (10, 22), (10, 22), (10, 22), (10, 22), (10, 22), (10, 22), (10, 22), (10, 22), (10, 22), (10, 22), (10, 22), (10, 22), (10, 22), (10, 22), (10, 22), (10, 22), (10, 22), (10, 22), (10, 22), (10, 22), (10, 22), (10, 22), (10, 22), (10, 22), (10, 22), (10, 22), (10, 22), (10, 22), (10, 22), (10, 22), (10, 22), (10, 22), (10, 22), (10, 22), (10, 22), (10, 22), (10, 22), (10, 22), (10, 22), (10, 22), (10, 22), (10, 22), (10, 22), (10, 22), (10, 22), (10, 22), (10, 22), (10, 22), (10, 22), (10, 22), (10, 22), (10, 22), (10, 22), (10, 22), (10, 22), (10, 22), (10, 22), (10, 22), (10, 22), (10, 22), (10, 22), (10, 22), (10, 22), (10, 22), (10, 22), (10, 22), (10, 22), (10, 22), (10, 22), (10, 22), (10, 22), (10, 22), (10, 22), (10, 22), (10, 22), (10, 22), (10, 22), (10, 22), (10, 22), (10, 22), (10, 22), (10, 22), (10, 22), (10, 22), (10, 22), (10, 22), (10, 22), (10, 22), (10, 22), (10, 22), (10, 22), (10, 22), (10, 22), (10, 22), (10, 22), (10, 22), (10, 22), (10, 22), (10, 22), (10, 22), (10, 22), (10, 22), (10, 22), (10, 22), (10, 22), (10, 22), (9, 21), (8, 20), (7, 19), (6, 18), (6, 18), (6, 18), (6, 18), (6, 18), (6, 18), (6, 18), (6, 18), (6, 18), (6, 18), (6, 18), (6, 18), (6, 18), (6, 18), (6, 18), (6, 18), (6, 18), (6, 18), (6, 18), (6, 18), (6, 18), (6, 18), (6, 18), (6, 18), (6, 18), (6, 18), (6, 18), (6, 18), (6, 18), (6, 18), (6, 18), (6, 18), (6, 18), (6, 18), (6, 18), (6, 18), (6, 18), (6, 18), (6, 18), (6, 18), (6, 18), (6, 18), (6, 18), (6, 18), (6, 18), (6, 18), (6, 18), (6, 18), (6, 18), (6, 18), (6, 18), (6, 18), (6, 18), (6, 18), (6, 18), (6, 18), (6, 18), (6, 18), (6, 18), (6, 18), (6, 18), (6, 18), (6, 18), (6, 18), (6, 18), (6, 18), (6, 18), (6, 18), (6, 18), (6, 18), (6, 18), (6, 18), (6, 18), (6, 18), (6, 18), (6, 18), (6, 18), (6, 18), (6, 18), (6, 18), (6, 18), (6, 18), (6, 18), (6, 18), (6, 18), (6, 18), (6, 18), (6, 18), (6, 18), (6, 18), (6, 18), (6, 18), (6, 18), (6, 18), (6, 18), (6, 18), (6, 18), (6, 18), (6, 18), (6, 18), (6, 18), (6, 18), (6, 18), (6, 18), (6, 18), (6, 18), (6, 18), (6, 18), (6, 18), (6, 18), (6, 18), (6, 18), (6, 18), (6, 18), (6, 18), (6, 18), (6, 18), (6, 18), (6, 18), (6, 18), (6, 18), (6, 18), (6, 18), (6, 18), (6, 18), (6, 18), (6, 18), (6, 18), (6, 18), (6, 18), (6, 18), (6, 18), (6, 18), (6, 18), (6, 18), (6, 18), (6, 18), (6, 18), (6, 18), (6, 18), (6, 18), (6, 18), (6, 18), (6, 18), (6, 18), (6, 18), (6, 18), (6, 18), (6, 18), (6, 18), (6, 18), (6, 18), (6, 18), (6, 18), (6, 18), (6, 18), (6, 18), (6, 18), (6, 18), (6, 18), (6, 18), (6, 18), (6, 18), (6, 18), (6, 18), (6, 18), (6, 18), (6, 18), (6, 18), (6, 18), (6, 18), (6, 18), (6, 18), (6, 18), (6, 18), (6, 18), (6, 18), (6, 18), (6, 18), (6, 18), (6, 18), (6, 18), (6, 18), (6, 18), (6, 18), (6, 18), (6, 18), (6, 18), (6, 18), (6, 18), (6, 18), (6, 18), (5, 17), (4, 16), (3, 15), (3, 14)]]
Numero di agenti: 3


Agent 0
Path: [(7, 18), (8, 17), (9, 16), (10, 15), (11, 14), (12, 13), (13, 12), (14, 11), (15, 10), (16, 9), (17, 8), (18, 7), (19, 6)]
Path length: 13

Agent 1
Path: [(18, 31), (18, 30), (18, 29), (17, 28), (16, 27), (15, 26), (14, 25), (13, 24), (12, 23), (11, 22), (10, 21), (9, 20), (8, 19), (7, 18), (6, 17), (6, 17), (6, 17), (6, 17), (6, 17), (6, 17), (6, 17), (6, 17), (6, 17), (6, 17), (6, 17), (6, 17), (6, 17), (6, 17), (6, 17), (6, 17), (6, 17), (6, 17), (6, 17), (6, 17), (6, 17), (6, 17), (6, 17), (6, 17), (6, 17), (6, 17), (6, 17), (6, 17), (6, 17), (6, 17), (6, 17), (6, 17), (6, 17), (6, 17), (6, 17), (6, 17), (6, 17), (6, 17), (6, 17), (6, 17), (6, 17), (6, 17), (6, 17), (6, 17), (6, 17), (6, 17), (6, 17), (6, 17), (6, 17), (6, 17), (6, 17), (6, 17), (6, 17), (6, 17), (6, 17), (6, 17), (6, 17), (6, 17), (6, 17), (6, 17), (6, 17), (6, 17), (6, 17), (6, 17), (6, 17), (6, 17), (6, 17), (6, 17), (6, 17), (6, 17), (6, 17), (6, 17), (6, 17), (6, 17), (6, 17), (6, 17), (6, 17), (6, 17), (6, 17), (6, 17), (6, 17), (6, 17), (6, 17), (6, 17), (6, 17), (6, 17), (6, 17), (6, 17), (6, 17), (6, 17), (6, 17), (6, 17), (6, 17), (6, 17), (6, 17), (6, 17), (6, 17), (6, 17), (6, 17), (6, 17), (6, 17), (6, 17), (6, 17), (6, 17), (6, 17), (6, 17), (6, 17), (6, 17), (6, 17), (6, 17), (6, 17), (6, 17), (6, 17), (6, 17), (6, 17), (6, 17), (6, 17), (6, 17), (6, 17), (6, 17), (6, 17), (6, 17), (6, 17), (6, 17), (6, 17), (6, 17), (6, 17), (6, 17), (6, 17), (6, 17), (6, 17), (6, 17), (6, 17), (6, 17), (6, 17), (6, 17), (6, 17), (6, 17), (6, 17), (6, 17), (6, 17), (6, 17), (6, 17), (6, 17), (6, 17), (6, 17), (6, 17), (6, 17), (6, 17), (6, 17), (6, 17), (6, 17), (6, 17), (6, 17), (6, 17), (6, 17), (6, 17), (6, 17), (6, 17), (6, 17), (6, 17), (6, 17), (6, 17), (6, 17), (6, 17), (6, 17), (6, 17), (6, 17), (6, 17), (6, 17), (6, 17), (6, 17), (6, 17), (6, 17), (6, 17), (6, 17), (6, 17), (6, 17), (6, 17), (6, 17), (6, 17), (6, 17), (6, 17), (6, 17), (6, 17), (6, 17), (6, 17), (6, 17), (6, 17), (6, 17), (6, 17), (6, 17), (6, 17), (6, 17), (6, 17), (6, 17), (6, 17), (6, 17), (6, 17), (6, 17), (6, 17), (6, 17), (6, 17), (6, 17), (6, 17), (6, 17), (6, 17), (6, 17), (6, 17), (6, 17), (6, 17), (6, 17), (6, 17), (6, 17), (6, 17), (6, 17), (6, 17), (6, 17), (6, 17), (6, 17), (6, 17), (6, 17), (6, 17), (6, 17), (6, 17), (6, 17), (6, 17), (6, 17), (6, 17), (6, 17), (6, 17), (6, 17), (6, 17), (6, 17), (6, 17), (6, 17), (6, 17), (6, 17), (6, 17), (6, 17), (6, 17), (6, 17), (6, 17), (6, 17), (6, 17), (6, 17), (6, 17), (6, 17), (6, 17), (6, 17), (6, 17), (6, 17), (6, 17), (6, 17), (6, 17), (6, 17), (6, 17), (6, 17), (6, 17), (6, 17), (6, 17), (6, 17), (6, 17), (6, 17), (6, 17), (6, 17), (6, 17), (6, 17), (6, 17), (6, 17), (6, 17), (6, 17), (6, 17), (6, 17), (6, 17), (6, 17), (6, 17), (6, 17), (6, 17), (6, 17), (6, 17), (6, 17), (6, 17), (6, 17), (6, 17), (6, 17), (6, 17), (6, 17), (6, 17), (6, 17), (6, 17), (6, 17), (6, 17), (6, 17), (6, 17), (6, 17), (6, 17), (6, 17), (6, 17), (6, 17), (6, 17), (6, 17), (6, 17), (6, 17), (6, 17), (6, 17), (6, 17), (6, 17), (6, 17), (6, 17), (6, 17), (6, 17), (6, 17), (6, 17), (6, 17), (6, 17), (6, 17), (6, 17), (6, 17), (6, 17), (6, 17), (6, 17), (6, 17), (6, 17), (6, 17), (6, 17), (6, 17), (6, 17), (6, 17), (6, 17), (6, 17), (6, 17), (6, 17), (6, 17), (6, 17), (6, 17), (6, 17), (6, 17), (6, 17), (6, 17), (6, 17), (6, 17), (6, 17), (6, 17), (6, 17), (6, 17), (6, 17), (6, 17), (6, 17), (6, 17), (6, 17), (6, 17), (6, 17), (6, 17), (6, 17), (6, 17), (6, 17), (6, 17), (6, 17), (6, 17), (6, 17), (6, 17), (6, 17), (6, 17), (6, 17), (6, 17), (6, 17), (6, 17), (6, 17), (6, 17), (6, 17), (6, 17), (6, 17), (6, 17), (6, 17), (6, 17), (6, 17), (6, 17), (6, 17), (6, 17), (6, 17), (6, 17), (6, 17), (6, 17), (6, 17), (6, 17), (6, 17), (6, 17), (6, 17), (6, 17), (6, 17), (6, 17), (6, 17), (6, 17), (6, 17), (6, 17), (6, 17), (6, 17), (6, 17), (6, 17), (6, 17), (6, 17), (6, 17), (6, 17), (6, 17), (6, 17), (6, 17), (6, 17), (6, 17), (6, 17), (6, 17), (6, 17), (6, 17), (6, 17), (6, 17), (6, 17), (6, 17), (6, 17), (6, 17), (6, 17), (6, 17), (6, 17), (6, 17), (6, 17), (6, 17), (6, 17), (6, 17), (6, 17), (6, 17), (6, 17), (6, 17), (6, 17), (6, 17), (6, 17), (6, 17), (6, 17), (6, 17), (6, 17), (6, 17), (6, 17), (6, 17), (5, 16), (4, 15), (3, 14)]
Path length: 458

Agent 2
Path: [(18, 31), (17, 30), (16, 29), (15, 28), (14, 27), (13, 26), (12, 25), (11, 24), (11, 23), (10, 22), (10, 22), (10, 22), (10, 22), (10, 22), (10, 22), (10, 22), (10, 22), (10, 22), (10, 22), (10, 22), (10, 22), (10, 22), (10, 22), (10, 22), (10, 22), (10, 22), (10, 22), (10, 22), (10, 22), (10, 22), (10, 22), (10, 22), (10, 22), (10, 22), (10, 22), (10, 22), (10, 22), (10, 22), (10, 22), (10, 22), (10, 22), (10, 22), (10, 22), (10, 22), (10, 22), (10, 22), (10, 22), (10, 22), (10, 22), (10, 22), (10, 22), (10, 22), (10, 22), (10, 22), (10, 22), (10, 22), (10, 22), (10, 22), (10, 22), (10, 22), (10, 22), (10, 22), (10, 22), (10, 22), (10, 22), (10, 22), (10, 22), (10, 22), (10, 22), (10, 22), (10, 22), (10, 22), (10, 22), (10, 22), (10, 22), (10, 22), (10, 22), (10, 22), (10, 22), (10, 22), (10, 22), (10, 22), (10, 22), (10, 22), (10, 22), (10, 22), (10, 22), (10, 22), (10, 22), (10, 22), (10, 22), (10, 22), (10, 22), (10, 22), (10, 22), (10, 22), (10, 22), (10, 22), (10, 22), (10, 22), (10, 22), (10, 22), (10, 22), (10, 22), (10, 22), (10, 22), (10, 22), (10, 22), (10, 22), (10, 22), (10, 22), (10, 22), (10, 22), (10, 22), (10, 22), (10, 22), (10, 22), (10, 22), (10, 22), (10, 22), (10, 22), (10, 22), (10, 22), (10, 22), (10, 22), (10, 22), (10, 22), (10, 22), (10, 22), (10, 22), (10, 22), (10, 22), (10, 22), (10, 22), (10, 22), (10, 22), (10, 22), (10, 22), (10, 22), (10, 22), (10, 22), (10, 22), (10, 22), (10, 22), (10, 22), (10, 22), (10, 22), (10, 22), (10, 22), (10, 22), (10, 22), (10, 22), (10, 22), (10, 22), (10, 22), (10, 22), (10, 22), (10, 22), (10, 22), (10, 22), (10, 22), (10, 22), (10, 22), (10, 22), (10, 22), (9, 21), (8, 20), (7, 19), (6, 18), (6, 18), (6, 18), (6, 18), (6, 18), (6, 18), (6, 18), (6, 18), (6, 18), (6, 18), (6, 18), (6, 18), (6, 18), (6, 18), (6, 18), (6, 18), (6, 18), (6, 18), (6, 18), (6, 18), (6, 18), (6, 18), (6, 18), (6, 18), (6, 18), (6, 18), (6, 18), (6, 18), (6, 18), (6, 18), (6, 18), (6, 18), (6, 18), (6, 18), (6, 18), (6, 18), (6, 18), (6, 18), (6, 18), (6, 18), (6, 18), (6, 18), (6, 18), (6, 18), (6, 18), (6, 18), (6, 18), (6, 18), (6, 18), (6, 18), (6, 18), (6, 18), (6, 18), (6, 18), (6, 18), (6, 18), (6, 18), (6, 18), (6, 18), (6, 18), (6, 18), (6, 18), (6, 18), (6, 18), (6, 18), (6, 18), (6, 18), (6, 18), (6, 18), (6, 18), (6, 18), (6, 18), (6, 18), (6, 18), (6, 18), (6, 18), (6, 18), (6, 18), (6, 18), (6, 18), (6, 18), (6, 18), (6, 18), (6, 18), (6, 18), (6, 18), (6, 18), (6, 18), (6, 18), (6, 18), (6, 18), (6, 18), (6, 18), (6, 18), (6, 18), (6, 18), (6, 18), (6, 18), (6, 18), (6, 18), (6, 18), (6, 18), (6, 18), (6, 18), (6, 18), (6, 18), (6, 18), (6, 18), (6, 18), (6, 18), (6, 18), (6, 18), (6, 18), (6, 18), (6, 18), (6, 18), (6, 18), (6, 18), (6, 18), (6, 18), (6, 18), (6, 18), (6, 18), (6, 18), (6, 18), (6, 18), (6, 18), (6, 18), (6, 18), (6, 18), (6, 18), (6, 18), (6, 18), (6, 18), (6, 18), (6, 18), (6, 18), (6, 18), (6, 18), (6, 18), (6, 18), (6, 18), (6, 18), (6, 18), (6, 18), (6, 18), (6, 18), (6, 18), (6, 18), (6, 18), (6, 18), (6, 18), (6, 18), (6, 18), (6, 18), (6, 18), (6, 18), (6, 18), (6, 18), (6, 18), (6, 18), (6, 18), (6, 18), (6, 18), (6, 18), (6, 18), (6, 18), (6, 18), (6, 18), (6, 18), (6, 18), (6, 18), (6, 18), (6, 18), (6, 18), (6, 18), (6, 18), (6, 18), (6, 18), (6, 18), (6, 18), (6, 18), (6, 18), (6, 18), (6, 18), (6, 18), (6, 18), (6, 18), (6, 18), (6, 18), (6, 18), (6, 18), (5, 17), (4, 16), (3, 15), (3, 14)]
Path length: 364


Init: [8, 26]
Goal: [2, 22]
Max: 500

Path: [(8, 26), (7, 25), (6, 24), (5, 23), (4, 22), (3, 22), (2, 22)]
Mosse wait: 0
Cost to reach the goal: 7.656854249492381

Time: 0.0
Current occupied memory: 112
Peak occupied memory: 13232
Heuristic: diagonal distance


Grid height: 40
Grid width: 35
Traversable cells percentages: 0.98
Agglomeration factor: 0.5

Gli agenti sono stati generati con l'algoritmo ReachGoal
Agents: [[(29, 33), (28, 32), (27, 32), (26, 32), (25, 32), (24, 32), (23, 32), (22, 32), (21, 32), (20, 32), (19, 32), (18, 32), (17, 32), (16, 32)], [(31, 5), (30, 4), (29, 3), (28, 3), (27, 3), (26, 3), (25, 3), (24, 3), (23, 3), (22, 3), (21, 3), (20, 3), (19, 3), (18, 3), (17, 3), (16, 3), (15, 3), (14, 3)], [(15, 15), (14, 15), (13, 15), (12, 15), (11, 16), (10, 17), (9, 18), (8, 19), (7, 20), (6, 21), (5, 22)]]
Numero di agenti: 3


Agent 0
Path: [(29, 33), (28, 32), (27, 32), (26, 32), (25, 32), (24, 32), (23, 32), (22, 32), (21, 32), (20, 32), (19, 32), (18, 32), (17, 32), (16, 32)]
Path length: 14

Agent 1
Path: [(31, 5), (30, 4), (29, 3), (28, 3), (27, 3), (26, 3), (25, 3), (24, 3), (23, 3), (22, 3), (21, 3), (20, 3), (19, 3), (18, 3), (17, 3), (16, 3), (15, 3), (14, 3)]
Path length: 18

Agent 2
Path: [(15, 15), (14, 15), (13, 15), (12, 15), (11, 16), (10, 17), (9, 18), (8, 19), (7, 20), (6, 21), (5, 22)]
Path length: 11


Init: [15, 26]
Goal: [3, 35]
Max: 500

Path: [(15, 26), (14, 26), (13, 26), (12, 26), (11, 27), (10, 28), (10, 28), (10, 28), (10, 28), (10, 28), (10, 28), (9, 29), (8, 30), (7, 31), (6, 32), (5, 33), (4, 34), (4, 34), (4, 34), (4, 34), (4, 34), (4, 34), (4, 34), (4, 34), (4, 34), (4, 34), (4, 34), (4, 34), (4, 34), (4, 34), (4, 34), (4, 34), (4, 34), (4, 34), (4, 34), (4, 34), (4, 34), (4, 34), (4, 34), (4, 34), (4, 34), (4, 34), (4, 34), (4, 34), (4, 34), (4, 34), (4, 34), (4, 34), (4, 34), (4, 34), (4, 34), (4, 34), (4, 34), (4, 34), (4, 34), (4, 34), (4, 34), (4, 34), (4, 34), (4, 34), (4, 34), (4, 34), (4, 34), (4, 34), (4, 34), (4, 34), (4, 34), (4, 34), (4, 34), (4, 34), (4, 34), (4, 34), (4, 34), (4, 34), (4, 34), (4, 34), (4, 34), (4, 34), (4, 34), (4, 34), (4, 34), (4, 34), (4, 34), (4, 34), (4, 34), (4, 34), (4, 34), (4, 34), (4, 34), (4, 34), (4, 34), (4, 34), (4, 34), (4, 34), (4, 34), (4, 34), (4, 34), (4, 34), (4, 34), (4, 34), (4, 34), (4, 34), (4, 34), (4, 34), (4, 34), (4, 34), (4, 34), (4, 34), (4, 34), (4, 34), (4, 34), (4, 34), (4, 34), (4, 34), (4, 34), (4, 34), (4, 34), (4, 34), (4, 34), (4, 34), (4, 34), (4, 34), (4, 34), (4, 34), (4, 34), (4, 34), (4, 34), (4, 34), (4, 34), (4, 34), (4, 34), (4, 34), (4, 34), (4, 34), (4, 34), (4, 34), (4, 34), (4, 34), (4, 34), (4, 34), (4, 34), (4, 34), (4, 34), (4, 34), (4, 34), (4, 34), (4, 34), (4, 34), (4, 34), (4, 34), (4, 34), (4, 34), (4, 34), (4, 34), (4, 34), (4, 34), (4, 34), (4, 34), (4, 34), (4, 34), (4, 34), (4, 34), (4, 34), (4, 34), (4, 34), (4, 34), (4, 34), (4, 34), (4, 34), (4, 34), (4, 34), (4, 34), (4, 34), (4, 34), (4, 34), (4, 34), (4, 34), (4, 34), (4, 34), (4, 34), (4, 34), (4, 34), (4, 34), (4, 34), (4, 34), (4, 34), (4, 34), (4, 34), (4, 34), (4, 34), (4, 34), (4, 34), (4, 34), (4, 34), (4, 34), (4, 34), (4, 34), (4, 34), (4, 34), (4, 34), (4, 34), (4, 34), (4, 34), (4, 34), (4, 34), (4, 34), (4, 34), (4, 34), (4, 34), (4, 34), (4, 34), (4, 34), (4, 34), (4, 34), (4, 34), (4, 34), (4, 34), (4, 34), (4, 34), (4, 34), (4, 34), (4, 34), (4, 34), (4, 34), (4, 34), (4, 34), (4, 34), (4, 34), (4, 34), (4, 34), (4, 34), (4, 34), (4, 34), (4, 34), (4, 34), (4, 34), (4, 34), (4, 34), (4, 34), (4, 34), (4, 34), (4, 34), (4, 34), (4, 34), (4, 34), (4, 34), (4, 34), (4, 34), (4, 34), (4, 34), (4, 34), (4, 34), (4, 34), (4, 34), (4, 34), (4, 34), (4, 34), (4, 34), (4, 34), (4, 34), (4, 34), (4, 34), (4, 34), (4, 34), (4, 34), (4, 34), (4, 34), (4, 34), (4, 34), (4, 34), (4, 34), (4, 34), (4, 34), (4, 34), (4, 34), (4, 34), (4, 34), (4, 34), (4, 34), (4, 34), (4, 34), (4, 34), (4, 34), (4, 34), (4, 34), (4, 34), (4, 34), (4, 34), (4, 34), (4, 34), (4, 34), (4, 34), (4, 34), (4, 34), (4, 34), (4, 34), (4, 34), (4, 34), (4, 34), (4, 34), (4, 34), (4, 34), (4, 34), (4, 34), (4, 34), (4, 34), (4, 34), (4, 34), (4, 34), (4, 34), (4, 34), (4, 34), (4, 34), (4, 34), (4, 34), (4, 34), (4, 34), (4, 34), (4, 34), (4, 34), (4, 34), (4, 34), (4, 34), (4, 34), (4, 34), (4, 34), (4, 34), (4, 34), (4, 34), (4, 34), (4, 34), (4, 34), (4, 34), (4, 34), (4, 34), (4, 34), (4, 34), (4, 34), (4, 34), (4, 34), (4, 34), (4, 34), (4, 34), (4, 34), (4, 34), (4, 34), (4, 34), (4, 34), (4, 34), (4, 34), (4, 34), (4, 34), (4, 34), (4, 34), (4, 34), (4, 34), (4, 34), (4, 34), (4, 34), (4, 34), (4, 34), (4, 34), (4, 34), (4, 34), (4, 34), (4, 34), (4, 34), (4, 34), (4, 34), (4, 34), (4, 34), (4, 34), (4, 34), (4, 34), (4, 34), (4, 34), (4, 34), (4, 34), (4, 34), (4, 34), (4, 34), (4, 34), (4, 34), (4, 34), (4, 34), (4, 34), (4, 34), (4, 34), (4, 34), (4, 34), (4, 34), (4, 34), (4, 34), (4, 34), (4, 34), (4, 34), (4, 34), (4, 34), (4, 34), (4, 34), (4, 34), (4, 34), (4, 34), (4, 34), (4, 34), (4, 34), (4, 34), (4, 34), (4, 34), (4, 34), (4, 34), (4, 34), (4, 34), (4, 34), (4, 34), (4, 34), (4, 34), (4, 34), (4, 34), (4, 34), (4, 34), (4, 34), (4, 34), (4, 34), (4, 34), (4, 34), (4, 34), (4, 34), (4, 34), (4, 34), (4, 34), (4, 34), (4, 34), (4, 34), (4, 34), (4, 34), (4, 34), (4, 34), (4, 34), (4, 34), (4, 34), (4, 34), (4, 34), (4, 34), (4, 34), (4, 34), (4, 34), (4, 34), (4, 34), (4, 34), (4, 34), (4, 34), (4, 34), (4, 34), (4, 34), (4, 34), (4, 34), (4, 34), (4, 34), (4, 34), (4, 34), (4, 34), (4, 34), (4, 34), (4, 34), (4, 34), (4, 34), (4, 34), (4, 34), (4, 34), (4, 34), (4, 34), (4, 34), (4, 34), (4, 34), (4, 34), (4, 34), (4, 34), (4, 34), (4, 34), (4, 34), (4, 34), (4, 34), (4, 34), (4, 34), (4, 34), (4, 34), (4, 34), (4, 34), (3, 35)]
Mosse wait: 477
Cost to reach the goal: 15.727922061357859

Time: 15.075335025787354
Current occupied memory: 94152
Peak occupied memory: 1700422
Heuristic: diagonal distance


Grid height: 45
Grid width: 40
Traversable cells percentages: 0.98
Agglomeration factor: 0.5

Gli agenti sono stati generati con l'algoritmo ReachGoal
Agents: [[(27, 39), (28, 38), (29, 38), (29, 38), (30, 38), (30, 38), (30, 38), (31, 38), (31, 38), (31, 38), (31, 38), (32, 38), (32, 38), (32, 38), (32, 38), (32, 38), (33, 38), (33, 38), (33, 38), (33, 38), (33, 38), (33, 38), (34, 38)], [(27, 39), (28, 39), (29, 39), (30, 38), (31, 38), (31, 38), (32, 38), (32, 38), (32, 38), (33, 38), (33, 38), (33, 38), (33, 38), (34, 38)], [(15, 15), (14, 15), (13, 15), (12, 15), (11, 16), (10, 17), (9, 18), (8, 19), (7, 20), (6, 21), (5, 22)]]
Numero di agenti: 3


Agent 0
Path: [(27, 39), (28, 38), (29, 38), (29, 38), (30, 38), (30, 38), (30, 38), (31, 38), (31, 38), (31, 38), (31, 38), (32, 38), (32, 38), (32, 38), (32, 38), (32, 38), (33, 38), (33, 38), (33, 38), (33, 38), (33, 38), (33, 38), (34, 38)]
Path length: 23

Agent 1
Path: [(27, 39), (28, 39), (29, 39), (30, 38), (31, 38), (31, 38), (32, 38), (32, 38), (32, 38), (33, 38), (33, 38), (33, 38), (33, 38), (34, 38)]
Path length: 14

Agent 2
Path: [(15, 15), (14, 15), (13, 15), (12, 15), (11, 16), (10, 17), (9, 18), (8, 19), (7, 20), (6, 21), (5, 22)]
Path length: 11


Init: [15, 26]
Goal: [3, 35]
Max: 500

Path: [(15, 26), (14, 26), (13, 26), (12, 26), (11, 27), (10, 28), (10, 28), (10, 28), (10, 28), (10, 28), (10, 28), (9, 29), (8, 30), (7, 31), (6, 32), (5, 33), (4, 34), (4, 34), (4, 34), (4, 34), (4, 34), (4, 34), (4, 34), (4, 34), (4, 34), (4, 34), (4, 34), (4, 34), (4, 34), (4, 34), (4, 34), (4, 34), (4, 34), (4, 34), (4, 34), (4, 34), (4, 34), (4, 34), (4, 34), (4, 34), (4, 34), (4, 34), (4, 34), (4, 34), (4, 34), (4, 34), (4, 34), (4, 34), (4, 34), (4, 34), (4, 34), (4, 34), (4, 34), (4, 34), (4, 34), (4, 34), (4, 34), (4, 34), (4, 34), (4, 34), (4, 34), (4, 34), (4, 34), (4, 34), (4, 34), (4, 34), (4, 34), (4, 34), (4, 34), (4, 34), (4, 34), (4, 34), (4, 34), (4, 34), (4, 34), (4, 34), (4, 34), (4, 34), (4, 34), (4, 34), (4, 34), (4, 34), (4, 34), (4, 34), (4, 34), (4, 34), (4, 34), (4, 34), (4, 34), (4, 34), (4, 34), (4, 34), (4, 34), (4, 34), (4, 34), (4, 34), (4, 34), (4, 34), (4, 34), (4, 34), (4, 34), (4, 34), (4, 34), (4, 34), (4, 34), (4, 34), (4, 34), (4, 34), (4, 34), (4, 34), (4, 34), (4, 34), (4, 34), (4, 34), (4, 34), (4, 34), (4, 34), (4, 34), (4, 34), (4, 34), (4, 34), (4, 34), (4, 34), (4, 34), (4, 34), (4, 34), (4, 34), (4, 34), (4, 34), (4, 34), (4, 34), (4, 34), (4, 34), (4, 34), (4, 34), (4, 34), (4, 34), (4, 34), (4, 34), (4, 34), (4, 34), (4, 34), (4, 34), (4, 34), (4, 34), (4, 34), (4, 34), (4, 34), (4, 34), (4, 34), (4, 34), (4, 34), (4, 34), (4, 34), (4, 34), (4, 34), (4, 34), (4, 34), (4, 34), (4, 34), (4, 34), (4, 34), (4, 34), (4, 34), (4, 34), (4, 34), (4, 34), (4, 34), (4, 34), (4, 34), (4, 34), (4, 34), (4, 34), (4, 34), (4, 34), (4, 34), (4, 34), (4, 34), (4, 34), (4, 34), (4, 34), (4, 34), (4, 34), (4, 34), (4, 34), (4, 34), (4, 34), (4, 34), (4, 34), (4, 34), (4, 34), (4, 34), (4, 34), (4, 34), (4, 34), (4, 34), (4, 34), (4, 34), (4, 34), (4, 34), (4, 34), (4, 34), (4, 34), (4, 34), (4, 34), (4, 34), (4, 34), (4, 34), (4, 34), (4, 34), (4, 34), (4, 34), (4, 34), (4, 34), (4, 34), (4, 34), (4, 34), (4, 34), (4, 34), (4, 34), (4, 34), (4, 34), (4, 34), (4, 34), (4, 34), (4, 34), (4, 34), (4, 34), (4, 34), (4, 34), (4, 34), (4, 34), (4, 34), (4, 34), (4, 34), (4, 34), (4, 34), (4, 34), (4, 34), (4, 34), (4, 34), (4, 34), (4, 34), (4, 34), (4, 34), (4, 34), (4, 34), (4, 34), (4, 34), (4, 34), (4, 34), (4, 34), (4, 34), (4, 34), (4, 34), (4, 34), (4, 34), (4, 34), (4, 34), (4, 34), (4, 34), (4, 34), (4, 34), (4, 34), (4, 34), (4, 34), (4, 34), (4, 34), (4, 34), (4, 34), (4, 34), (4, 34), (4, 34), (4, 34), (4, 34), (4, 34), (4, 34), (4, 34), (4, 34), (4, 34), (4, 34), (4, 34), (4, 34), (4, 34), (4, 34), (4, 34), (4, 34), (4, 34), (4, 34), (4, 34), (4, 34), (4, 34), (4, 34), (4, 34), (4, 34), (4, 34), (4, 34), (4, 34), (4, 34), (4, 34), (4, 34), (4, 34), (4, 34), (4, 34), (4, 34), (4, 34), (4, 34), (4, 34), (4, 34), (4, 34), (4, 34), (4, 34), (4, 34), (4, 34), (4, 34), (4, 34), (4, 34), (4, 34), (4, 34), (4, 34), (4, 34), (4, 34), (4, 34), (4, 34), (4, 34), (4, 34), (4, 34), (4, 34), (4, 34), (4, 34), (4, 34), (4, 34), (4, 34), (4, 34), (4, 34), (4, 34), (4, 34), (4, 34), (4, 34), (4, 34), (4, 34), (4, 34), (4, 34), (4, 34), (4, 34), (4, 34), (4, 34), (4, 34), (4, 34), (4, 34), (4, 34), (4, 34), (4, 34), (4, 34), (4, 34), (4, 34), (4, 34), (4, 34), (4, 34), (4, 34), (4, 34), (4, 34), (4, 34), (4, 34), (4, 34), (4, 34), (4, 34), (4, 34), (4, 34), (4, 34), (4, 34), (4, 34), (4, 34), (4, 34), (4, 34), (4, 34), (4, 34), (4, 34), (4, 34), (4, 34), (4, 34), (4, 34), (4, 34), (4, 34), (4, 34), (4, 34), (4, 34), (4, 34), (4, 34), (4, 34), (4, 34), (4, 34), (4, 34), (4, 34), (4, 34), (4, 34), (4, 34), (4, 34), (4, 34), (4, 34), (4, 34), (4, 34), (4, 34), (4, 34), (4, 34), (4, 34), (4, 34), (4, 34), (4, 34), (4, 34), (4, 34), (4, 34), (4, 34), (4, 34), (4, 34), (4, 34), (4, 34), (4, 34), (4, 34), (4, 34), (4, 34), (4, 34), (4, 34), (4, 34), (4, 34), (4, 34), (4, 34), (4, 34), (4, 34), (4, 34), (4, 34), (4, 34), (4, 34), (4, 34), (4, 34), (4, 34), (4, 34), (4, 34), (4, 34), (4, 34), (4, 34), (4, 34), (4, 34), (4, 34), (4, 34), (4, 34), (4, 34), (4, 34), (4, 34), (4, 34), (4, 34), (4, 34), (4, 34), (4, 34), (4, 34), (4, 34), (4, 34), (4, 34), (4, 34), (4, 34), (4, 34), (4, 34), (4, 34), (4, 34), (4, 34), (4, 34), (4, 34), (4, 34), (4, 34), (4, 34), (4, 34), (4, 34), (4, 34), (4, 34), (4, 34), (4, 34), (4, 34), (4, 34), (4, 34), (4, 34), (4, 34), (4, 34), (4, 34), (4, 34), (4, 34), (4, 34), (4, 34), (4, 34), (4, 34), (3, 35)]
Mosse wait: 477
Cost to reach the goal: 15.727922061357859

Time: 10.814318180084229
Current occupied memory: 94152
Peak occupied memory: 1700422
Heuristic: diagonal distance


Grid height: 50
Grid width: 45
Traversable cells percentages: 0.98
Agglomeration factor: 0.5

Gli agenti sono stati generati con l'algoritmo ReachGoal
Agents: [[(39, 11), (38, 11), (37, 11), (36, 11), (35, 11), (34, 11), (33, 11), (32, 12), (32, 12), (32, 12), (32, 12), (32, 12), (32, 12), (31, 13), (30, 13), (29, 14), (28, 15), (28, 15), (28, 15), (27, 16), (26, 17), (25, 18), (24, 19)], [(42, 3), (41, 4), (41, 5), (41, 6), (41, 7), (41, 8), (41, 9), (40, 10), (40, 11), (40, 12), (40, 13), (40, 14), (40, 15), (39, 16), (39, 16), (39, 16), (39, 16), (39, 16), (39, 16), (39, 16), (39, 16), (39, 16), (39, 16), (39, 16), (39, 16), (39, 16), (39, 16), (39, 16), (39, 16), (39, 16), (39, 16), (39, 16), (39, 16), (39, 16), (39, 16), (39, 16), (39, 16), (39, 16), (39, 16), (39, 16), (39, 16), (39, 16), (39, 16), (39, 16), (39, 16), (39, 17)], [(15, 15), (14, 15), (13, 15), (12, 15), (11, 16), (10, 17), (9, 18), (8, 19), (7, 20), (6, 21), (5, 22)]]
Numero di agenti: 3


Agent 0
Path: [(39, 11), (38, 11), (37, 11), (36, 11), (35, 11), (34, 11), (33, 11), (32, 12), (32, 12), (32, 12), (32, 12), (32, 12), (32, 12), (31, 13), (30, 13), (29, 14), (28, 15), (28, 15), (28, 15), (27, 16), (26, 17), (25, 18), (24, 19)]
Path length: 23

Agent 1
Path: [(42, 3), (41, 4), (41, 5), (41, 6), (41, 7), (41, 8), (41, 9), (40, 10), (40, 11), (40, 12), (40, 13), (40, 14), (40, 15), (39, 16), (39, 16), (39, 16), (39, 16), (39, 16), (39, 16), (39, 16), (39, 16), (39, 16), (39, 16), (39, 16), (39, 16), (39, 16), (39, 16), (39, 16), (39, 16), (39, 16), (39, 16), (39, 16), (39, 16), (39, 16), (39, 16), (39, 16), (39, 16), (39, 16), (39, 16), (39, 16), (39, 16), (39, 16), (39, 16), (39, 16), (39, 16), (39, 17)]
Path length: 46

Agent 2
Path: [(15, 15), (14, 15), (13, 15), (12, 15), (11, 16), (10, 17), (9, 18), (8, 19), (7, 20), (6, 21), (5, 22)]
Path length: 11


Init: [15, 26]
Goal: [3, 35]
Max: 500

Path: [(15, 26), (14, 26), (13, 26), (12, 26), (11, 27), (10, 28), (10, 28), (10, 28), (10, 28), (10, 28), (10, 28), (9, 29), (8, 30), (7, 31), (6, 32), (5, 33), (4, 34), (4, 34), (4, 34), (4, 34), (4, 34), (4, 34), (4, 34), (4, 34), (4, 34), (4, 34), (4, 34), (4, 34), (4, 34), (4, 34), (4, 34), (4, 34), (4, 34), (4, 34), (4, 34), (4, 34), (4, 34), (4, 34), (4, 34), (4, 34), (4, 34), (4, 34), (4, 34), (4, 34), (4, 34), (4, 34), (4, 34), (4, 34), (4, 34), (4, 34), (4, 34), (4, 34), (4, 34), (4, 34), (4, 34), (4, 34), (4, 34), (4, 34), (4, 34), (4, 34), (4, 34), (4, 34), (4, 34), (4, 34), (4, 34), (4, 34), (4, 34), (4, 34), (4, 34), (4, 34), (4, 34), (4, 34), (4, 34), (4, 34), (4, 34), (4, 34), (4, 34), (4, 34), (4, 34), (4, 34), (4, 34), (4, 34), (4, 34), (4, 34), (4, 34), (4, 34), (4, 34), (4, 34), (4, 34), (4, 34), (4, 34), (4, 34), (4, 34), (4, 34), (4, 34), (4, 34), (4, 34), (4, 34), (4, 34), (4, 34), (4, 34), (4, 34), (4, 34), (4, 34), (4, 34), (4, 34), (4, 34), (4, 34), (4, 34), (4, 34), (4, 34), (4, 34), (4, 34), (4, 34), (4, 34), (4, 34), (4, 34), (4, 34), (4, 34), (4, 34), (4, 34), (4, 34), (4, 34), (4, 34), (4, 34), (4, 34), (4, 34), (4, 34), (4, 34), (4, 34), (4, 34), (4, 34), (4, 34), (4, 34), (4, 34), (4, 34), (4, 34), (4, 34), (4, 34), (4, 34), (4, 34), (4, 34), (4, 34), (4, 34), (4, 34), (4, 34), (4, 34), (4, 34), (4, 34), (4, 34), (4, 34), (4, 34), (4, 34), (4, 34), (4, 34), (4, 34), (4, 34), (4, 34), (4, 34), (4, 34), (4, 34), (4, 34), (4, 34), (4, 34), (4, 34), (4, 34), (4, 34), (4, 34), (4, 34), (4, 34), (4, 34), (4, 34), (4, 34), (4, 34), (4, 34), (4, 34), (4, 34), (4, 34), (4, 34), (4, 34), (4, 34), (4, 34), (4, 34), (4, 34), (4, 34), (4, 34), (4, 34), (4, 34), (4, 34), (4, 34), (4, 34), (4, 34), (4, 34), (4, 34), (4, 34), (4, 34), (4, 34), (4, 34), (4, 34), (4, 34), (4, 34), (4, 34), (4, 34), (4, 34), (4, 34), (4, 34), (4, 34), (4, 34), (4, 34), (4, 34), (4, 34), (4, 34), (4, 34), (4, 34), (4, 34), (4, 34), (4, 34), (4, 34), (4, 34), (4, 34), (4, 34), (4, 34), (4, 34), (4, 34), (4, 34), (4, 34), (4, 34), (4, 34), (4, 34), (4, 34), (4, 34), (4, 34), (4, 34), (4, 34), (4, 34), (4, 34), (4, 34), (4, 34), (4, 34), (4, 34), (4, 34), (4, 34), (4, 34), (4, 34), (4, 34), (4, 34), (4, 34), (4, 34), (4, 34), (4, 34), (4, 34), (4, 34), (4, 34), (4, 34), (4, 34), (4, 34), (4, 34), (4, 34), (4, 34), (4, 34), (4, 34), (4, 34), (4, 34), (4, 34), (4, 34), (4, 34), (4, 34), (4, 34), (4, 34), (4, 34), (4, 34), (4, 34), (4, 34), (4, 34), (4, 34), (4, 34), (4, 34), (4, 34), (4, 34), (4, 34), (4, 34), (4, 34), (4, 34), (4, 34), (4, 34), (4, 34), (4, 34), (4, 34), (4, 34), (4, 34), (4, 34), (4, 34), (4, 34), (4, 34), (4, 34), (4, 34), (4, 34), (4, 34), (4, 34), (4, 34), (4, 34), (4, 34), (4, 34), (4, 34), (4, 34), (4, 34), (4, 34), (4, 34), (4, 34), (4, 34), (4, 34), (4, 34), (4, 34), (4, 34), (4, 34), (4, 34), (4, 34), (4, 34), (4, 34), (4, 34), (4, 34), (4, 34), (4, 34), (4, 34), (4, 34), (4, 34), (4, 34), (4, 34), (4, 34), (4, 34), (4, 34), (4, 34), (4, 34), (4, 34), (4, 34), (4, 34), (4, 34), (4, 34), (4, 34), (4, 34), (4, 34), (4, 34), (4, 34), (4, 34), (4, 34), (4, 34), (4, 34), (4, 34), (4, 34), (4, 34), (4, 34), (4, 34), (4, 34), (4, 34), (4, 34), (4, 34), (4, 34), (4, 34), (4, 34), (4, 34), (4, 34), (4, 34), (4, 34), (4, 34), (4, 34), (4, 34), (4, 34), (4, 34), (4, 34), (4, 34), (4, 34), (4, 34), (4, 34), (4, 34), (4, 34), (4, 34), (4, 34), (4, 34), (4, 34), (4, 34), (4, 34), (4, 34), (4, 34), (4, 34), (4, 34), (4, 34), (4, 34), (4, 34), (4, 34), (4, 34), (4, 34), (4, 34), (4, 34), (4, 34), (4, 34), (4, 34), (4, 34), (4, 34), (4, 34), (4, 34), (4, 34), (4, 34), (4, 34), (4, 34), (4, 34), (4, 34), (4, 34), (4, 34), (4, 34), (4, 34), (4, 34), (4, 34), (4, 34), (4, 34), (4, 34), (4, 34), (4, 34), (4, 34), (4, 34), (4, 34), (4, 34), (4, 34), (4, 34), (4, 34), (4, 34), (4, 34), (4, 34), (4, 34), (4, 34), (4, 34), (4, 34), (4, 34), (4, 34), (4, 34), (4, 34), (4, 34), (4, 34), (4, 34), (4, 34), (4, 34), (4, 34), (4, 34), (4, 34), (4, 34), (4, 34), (4, 34), (4, 34), (4, 34), (4, 34), (4, 34), (4, 34), (4, 34), (4, 34), (4, 34), (4, 34), (4, 34), (4, 34), (4, 34), (4, 34), (4, 34), (4, 34), (4, 34), (4, 34), (4, 34), (4, 34), (4, 34), (4, 34), (4, 34), (4, 34), (4, 34), (4, 34), (4, 34), (4, 34), (4, 34), (4, 34), (4, 34), (4, 34), (4, 34), (4, 34), (4, 34), (4, 34), (4, 34), (4, 34), (4, 34), (4, 34), (4, 34), (4, 34), (4, 34), (4, 34), (3, 35)]
Mosse wait: 477
Cost to reach the goal: 15.727922061357859

Time: 17.26532006263733
Current occupied memory: 94264
Peak occupied memory: 1700534
Heuristic: diagonal distance


Grid height: 55
Grid width: 50
Traversable cells percentages: 0.98
Agglomeration factor: 0.5

Gli agenti sono stati generati con l'algoritmo ReachGoal
Agents: [[(27, 19), (26, 19), (25, 19), (24, 19), (23, 19), (22, 19), (21, 19), (20, 20), (20, 20), (20, 20), (20, 20), (20, 20), (20, 20), (19, 21), (19, 21), (19, 21), (19, 21), (19, 21), (18, 21), (17, 22), (16, 23), (15, 24), (14, 25), (13, 26)], [(27, 19), (26, 20), (25, 20), (24, 20), (23, 20), (22, 20), (21, 20), (20, 21), (19, 21), (18, 21), (17, 22), (16, 23), (15, 24), (14, 25), (13, 26)], [(18, 21), (17, 20), (17, 19), (17, 18), (17, 17), (17, 16), (17, 15)]]
Numero di agenti: 3


Agent 0
Path: [(27, 19), (26, 19), (25, 19), (24, 19), (23, 19), (22, 19), (21, 19), (20, 20), (20, 20), (20, 20), (20, 20), (20, 20), (20, 20), (19, 21), (19, 21), (19, 21), (19, 21), (19, 21), (18, 21), (17, 22), (16, 23), (15, 24), (14, 25), (13, 26)]
Path length: 24

Agent 1
Path: [(27, 19), (26, 20), (25, 20), (24, 20), (23, 20), (22, 20), (21, 20), (20, 21), (19, 21), (18, 21), (17, 22), (16, 23), (15, 24), (14, 25), (13, 26)]
Path length: 15

Agent 2
Path: [(18, 21), (17, 20), (17, 19), (17, 18), (17, 17), (17, 16), (17, 15)]
Path length: 7


Init: [15, 26]
Goal: [3, 35]
Max: 500

Path: [(15, 26), (14, 26), (13, 26), (12, 26), (11, 27), (10, 28), (10, 28), (10, 28), (10, 28), (10, 28), (10, 28), (9, 29), (8, 30), (7, 31), (6, 32), (5, 33), (4, 34), (4, 34), (4, 34), (4, 34), (4, 34), (4, 34), (4, 34), (4, 34), (4, 34), (4, 34), (4, 34), (4, 34), (4, 34), (4, 34), (4, 34), (4, 34), (4, 34), (4, 34), (4, 34), (4, 34), (4, 34), (4, 34), (4, 34), (4, 34), (4, 34), (4, 34), (4, 34), (4, 34), (4, 34), (4, 34), (4, 34), (4, 34), (4, 34), (4, 34), (4, 34), (4, 34), (4, 34), (4, 34), (4, 34), (4, 34), (4, 34), (4, 34), (4, 34), (4, 34), (4, 34), (4, 34), (4, 34), (4, 34), (4, 34), (4, 34), (4, 34), (4, 34), (4, 34), (4, 34), (4, 34), (4, 34), (4, 34), (4, 34), (4, 34), (4, 34), (4, 34), (4, 34), (4, 34), (4, 34), (4, 34), (4, 34), (4, 34), (4, 34), (4, 34), (4, 34), (4, 34), (4, 34), (4, 34), (4, 34), (4, 34), (4, 34), (4, 34), (4, 34), (4, 34), (4, 34), (4, 34), (4, 34), (4, 34), (4, 34), (4, 34), (4, 34), (4, 34), (4, 34), (4, 34), (4, 34), (4, 34), (4, 34), (4, 34), (4, 34), (4, 34), (4, 34), (4, 34), (4, 34), (4, 34), (4, 34), (4, 34), (4, 34), (4, 34), (4, 34), (4, 34), (4, 34), (4, 34), (4, 34), (4, 34), (4, 34), (4, 34), (4, 34), (4, 34), (4, 34), (4, 34), (4, 34), (4, 34), (4, 34), (4, 34), (4, 34), (4, 34), (4, 34), (4, 34), (4, 34), (4, 34), (4, 34), (4, 34), (4, 34), (4, 34), (4, 34), (4, 34), (4, 34), (4, 34), (4, 34), (4, 34), (4, 34), (4, 34), (4, 34), (4, 34), (4, 34), (4, 34), (4, 34), (4, 34), (4, 34), (4, 34), (4, 34), (4, 34), (4, 34), (4, 34), (4, 34), (4, 34), (4, 34), (4, 34), (4, 34), (4, 34), (4, 34), (4, 34), (4, 34), (4, 34), (4, 34), (4, 34), (4, 34), (4, 34), (4, 34), (4, 34), (4, 34), (4, 34), (4, 34), (4, 34), (4, 34), (4, 34), (4, 34), (4, 34), (4, 34), (4, 34), (4, 34), (4, 34), (4, 34), (4, 34), (4, 34), (4, 34), (4, 34), (4, 34), (4, 34), (4, 34), (4, 34), (4, 34), (4, 34), (4, 34), (4, 34), (4, 34), (4, 34), (4, 34), (4, 34), (4, 34), (4, 34), (4, 34), (4, 34), (4, 34), (4, 34), (4, 34), (4, 34), (4, 34), (4, 34), (4, 34), (4, 34), (4, 34), (4, 34), (4, 34), (4, 34), (4, 34), (4, 34), (4, 34), (4, 34), (4, 34), (4, 34), (4, 34), (4, 34), (4, 34), (4, 34), (4, 34), (4, 34), (4, 34), (4, 34), (4, 34), (4, 34), (4, 34), (4, 34), (4, 34), (4, 34), (4, 34), (4, 34), (4, 34), (4, 34), (4, 34), (4, 34), (4, 34), (4, 34), (4, 34), (4, 34), (4, 34), (4, 34), (4, 34), (4, 34), (4, 34), (4, 34), (4, 34), (4, 34), (4, 34), (4, 34), (4, 34), (4, 34), (4, 34), (4, 34), (4, 34), (4, 34), (4, 34), (4, 34), (4, 34), (4, 34), (4, 34), (4, 34), (4, 34), (4, 34), (4, 34), (4, 34), (4, 34), (4, 34), (4, 34), (4, 34), (4, 34), (4, 34), (4, 34), (4, 34), (4, 34), (4, 34), (4, 34), (4, 34), (4, 34), (4, 34), (4, 34), (4, 34), (4, 34), (4, 34), (4, 34), (4, 34), (4, 34), (4, 34), (4, 34), (4, 34), (4, 34), (4, 34), (4, 34), (4, 34), (4, 34), (4, 34), (4, 34), (4, 34), (4, 34), (4, 34), (4, 34), (4, 34), (4, 34), (4, 34), (4, 34), (4, 34), (4, 34), (4, 34), (4, 34), (4, 34), (4, 34), (4, 34), (4, 34), (4, 34), (4, 34), (4, 34), (4, 34), (4, 34), (4, 34), (4, 34), (4, 34), (4, 34), (4, 34), (4, 34), (4, 34), (4, 34), (4, 34), (4, 34), (4, 34), (4, 34), (4, 34), (4, 34), (4, 34), (4, 34), (4, 34), (4, 34), (4, 34), (4, 34), (4, 34), (4, 34), (4, 34), (4, 34), (4, 34), (4, 34), (4, 34), (4, 34), (4, 34), (4, 34), (4, 34), (4, 34), (4, 34), (4, 34), (4, 34), (4, 34), (4, 34), (4, 34), (4, 34), (4, 34), (4, 34), (4, 34), (4, 34), (4, 34), (4, 34), (4, 34), (4, 34), (4, 34), (4, 34), (4, 34), (4, 34), (4, 34), (4, 34), (4, 34), (4, 34), (4, 34), (4, 34), (4, 34), (4, 34), (4, 34), (4, 34), (4, 34), (4, 34), (4, 34), (4, 34), (4, 34), (4, 34), (4, 34), (4, 34), (4, 34), (4, 34), (4, 34), (4, 34), (4, 34), (4, 34), (4, 34), (4, 34), (4, 34), (4, 34), (4, 34), (4, 34), (4, 34), (4, 34), (4, 34), (4, 34), (4, 34), (4, 34), (4, 34), (4, 34), (4, 34), (4, 34), (4, 34), (4, 34), (4, 34), (4, 34), (4, 34), (4, 34), (4, 34), (4, 34), (4, 34), (4, 34), (4, 34), (4, 34), (4, 34), (4, 34), (4, 34), (4, 34), (4, 34), (4, 34), (4, 34), (4, 34), (4, 34), (4, 34), (4, 34), (4, 34), (4, 34), (4, 34), (4, 34), (4, 34), (4, 34), (4, 34), (4, 34), (4, 34), (4, 34), (4, 34), (4, 34), (4, 34), (4, 34), (4, 34), (4, 34), (4, 34), (4, 34), (4, 34), (4, 34), (4, 34), (4, 34), (4, 34), (4, 34), (4, 34), (4, 34), (4, 34), (4, 34), (4, 34), (4, 34), (4, 34), (4, 34), (4, 34), (4, 34), (4, 34), (4, 34), (4, 34), (4, 34), (4, 34), (4, 34), (4, 34), (3, 35)]
Mosse wait: 477
Cost to reach the goal: 15.727922061357859

Time: 18.274254322052002
Current occupied memory: 94096
Peak occupied memory: 1699166
Heuristic: diagonal distance


Grid height: 60
Grid width: 55
Traversable cells percentages: 0.98
Agglomeration factor: 0.5

Gli agenti sono stati generati con l'algoritmo ReachGoal
Agents: [[(50, 27), (49, 28), (48, 28), (47, 28), (46, 28), (45, 28), (44, 28), (43, 28), (42, 28), (41, 28), (40, 28), (39, 28), (38, 28), (37, 28), (36, 28), (35, 28), (34, 28), (33, 28), (32, 28), (31, 28), (30, 28), (29, 28), (28, 28), (27, 28), (26, 28), (25, 28), (24, 28), (23, 28), (22, 28), (21, 28), (20, 28), (19, 28), (18, 28), (17, 29), (16, 30), (15, 31), (14, 32), (13, 33), (12, 34), (11, 35), (10, 36)], [(42, 3), (41, 4), (41, 5), (41, 6), (41, 7), (41, 8), (41, 9), (40, 10), (40, 11), (40, 12), (40, 13), (40, 14), (40, 15), (39, 16), (39, 16), (39, 16), (39, 16), (39, 16), (39, 16), (39, 16), (39, 16), (39, 16), (39, 16), (39, 16), (39, 16), (39, 16), (39, 16), (39, 16), (39, 16), (39, 16), (39, 16), (39, 16), (39, 16), (39, 16), (39, 16), (39, 16), (39, 16), (39, 16), (39, 16), (39, 16), (39, 16), (39, 16), (39, 16), (39, 16), (39, 16), (39, 17)], [(18, 21), (17, 20), (17, 19), (17, 18), (17, 17), (17, 16), (17, 15)]]
Numero di agenti: 3


Agent 0
Path: [(50, 27), (49, 28), (48, 28), (47, 28), (46, 28), (45, 28), (44, 28), (43, 28), (42, 28), (41, 28), (40, 28), (39, 28), (38, 28), (37, 28), (36, 28), (35, 28), (34, 28), (33, 28), (32, 28), (31, 28), (30, 28), (29, 28), (28, 28), (27, 28), (26, 28), (25, 28), (24, 28), (23, 28), (22, 28), (21, 28), (20, 28), (19, 28), (18, 28), (17, 29), (16, 30), (15, 31), (14, 32), (13, 33), (12, 34), (11, 35), (10, 36)]
Path length: 41

Agent 1
Path: [(42, 3), (41, 4), (41, 5), (41, 6), (41, 7), (41, 8), (41, 9), (40, 10), (40, 11), (40, 12), (40, 13), (40, 14), (40, 15), (39, 16), (39, 16), (39, 16), (39, 16), (39, 16), (39, 16), (39, 16), (39, 16), (39, 16), (39, 16), (39, 16), (39, 16), (39, 16), (39, 16), (39, 16), (39, 16), (39, 16), (39, 16), (39, 16), (39, 16), (39, 16), (39, 16), (39, 16), (39, 16), (39, 16), (39, 16), (39, 16), (39, 16), (39, 16), (39, 16), (39, 16), (39, 16), (39, 17)]
Path length: 46

Agent 2
Path: [(18, 21), (17, 20), (17, 19), (17, 18), (17, 17), (17, 16), (17, 15)]
Path length: 7


Init: [15, 26]
Goal: [3, 35]
Max: 500

Path: [(15, 26), (14, 26), (13, 26), (12, 26), (11, 27), (10, 28), (10, 28), (10, 28), (10, 28), (10, 28), (10, 28), (9, 29), (8, 30), (7, 31), (6, 32), (5, 33), (4, 34), (4, 34), (4, 34), (4, 34), (4, 34), (4, 34), (4, 34), (4, 34), (4, 34), (4, 34), (4, 34), (4, 34), (4, 34), (4, 34), (4, 34), (4, 34), (4, 34), (4, 34), (4, 34), (4, 34), (4, 34), (4, 34), (4, 34), (4, 34), (4, 34), (4, 34), (4, 34), (4, 34), (4, 34), (4, 34), (4, 34), (4, 34), (4, 34), (4, 34), (4, 34), (4, 34), (4, 34), (4, 34), (4, 34), (4, 34), (4, 34), (4, 34), (4, 34), (4, 34), (4, 34), (4, 34), (4, 34), (4, 34), (4, 34), (4, 34), (4, 34), (4, 34), (4, 34), (4, 34), (4, 34), (4, 34), (4, 34), (4, 34), (4, 34), (4, 34), (4, 34), (4, 34), (4, 34), (4, 34), (4, 34), (4, 34), (4, 34), (4, 34), (4, 34), (4, 34), (4, 34), (4, 34), (4, 34), (4, 34), (4, 34), (4, 34), (4, 34), (4, 34), (4, 34), (4, 34), (4, 34), (4, 34), (4, 34), (4, 34), (4, 34), (4, 34), (4, 34), (4, 34), (4, 34), (4, 34), (4, 34), (4, 34), (4, 34), (4, 34), (4, 34), (4, 34), (4, 34), (4, 34), (4, 34), (4, 34), (4, 34), (4, 34), (4, 34), (4, 34), (4, 34), (4, 34), (4, 34), (4, 34), (4, 34), (4, 34), (4, 34), (4, 34), (4, 34), (4, 34), (4, 34), (4, 34), (4, 34), (4, 34), (4, 34), (4, 34), (4, 34), (4, 34), (4, 34), (4, 34), (4, 34), (4, 34), (4, 34), (4, 34), (4, 34), (4, 34), (4, 34), (4, 34), (4, 34), (4, 34), (4, 34), (4, 34), (4, 34), (4, 34), (4, 34), (4, 34), (4, 34), (4, 34), (4, 34), (4, 34), (4, 34), (4, 34), (4, 34), (4, 34), (4, 34), (4, 34), (4, 34), (4, 34), (4, 34), (4, 34), (4, 34), (4, 34), (4, 34), (4, 34), (4, 34), (4, 34), (4, 34), (4, 34), (4, 34), (4, 34), (4, 34), (4, 34), (4, 34), (4, 34), (4, 34), (4, 34), (4, 34), (4, 34), (4, 34), (4, 34), (4, 34), (4, 34), (4, 34), (4, 34), (4, 34), (4, 34), (4, 34), (4, 34), (4, 34), (4, 34), (4, 34), (4, 34), (4, 34), (4, 34), (4, 34), (4, 34), (4, 34), (4, 34), (4, 34), (4, 34), (4, 34), (4, 34), (4, 34), (4, 34), (4, 34), (4, 34), (4, 34), (4, 34), (4, 34), (4, 34), (4, 34), (4, 34), (4, 34), (4, 34), (4, 34), (4, 34), (4, 34), (4, 34), (4, 34), (4, 34), (4, 34), (4, 34), (4, 34), (4, 34), (4, 34), (4, 34), (4, 34), (4, 34), (4, 34), (4, 34), (4, 34), (4, 34), (4, 34), (4, 34), (4, 34), (4, 34), (4, 34), (4, 34), (4, 34), (4, 34), (4, 34), (4, 34), (4, 34), (4, 34), (4, 34), (4, 34), (4, 34), (4, 34), (4, 34), (4, 34), (4, 34), (4, 34), (4, 34), (4, 34), (4, 34), (4, 34), (4, 34), (4, 34), (4, 34), (4, 34), (4, 34), (4, 34), (4, 34), (4, 34), (4, 34), (4, 34), (4, 34), (4, 34), (4, 34), (4, 34), (4, 34), (4, 34), (4, 34), (4, 34), (4, 34), (4, 34), (4, 34), (4, 34), (4, 34), (4, 34), (4, 34), (4, 34), (4, 34), (4, 34), (4, 34), (4, 34), (4, 34), (4, 34), (4, 34), (4, 34), (4, 34), (4, 34), (4, 34), (4, 34), (4, 34), (4, 34), (4, 34), (4, 34), (4, 34), (4, 34), (4, 34), (4, 34), (4, 34), (4, 34), (4, 34), (4, 34), (4, 34), (4, 34), (4, 34), (4, 34), (4, 34), (4, 34), (4, 34), (4, 34), (4, 34), (4, 34), (4, 34), (4, 34), (4, 34), (4, 34), (4, 34), (4, 34), (4, 34), (4, 34), (4, 34), (4, 34), (4, 34), (4, 34), (4, 34), (4, 34), (4, 34), (4, 34), (4, 34), (4, 34), (4, 34), (4, 34), (4, 34), (4, 34), (4, 34), (4, 34), (4, 34), (4, 34), (4, 34), (4, 34), (4, 34), (4, 34), (4, 34), (4, 34), (4, 34), (4, 34), (4, 34), (4, 34), (4, 34), (4, 34), (4, 34), (4, 34), (4, 34), (4, 34), (4, 34), (4, 34), (4, 34), (4, 34), (4, 34), (4, 34), (4, 34), (4, 34), (4, 34), (4, 34), (4, 34), (4, 34), (4, 34), (4, 34), (4, 34), (4, 34), (4, 34), (4, 34), (4, 34), (4, 34), (4, 34), (4, 34), (4, 34), (4, 34), (4, 34), (4, 34), (4, 34), (4, 34), (4, 34), (4, 34), (4, 34), (4, 34), (4, 34), (4, 34), (4, 34), (4, 34), (4, 34), (4, 34), (4, 34), (4, 34), (4, 34), (4, 34), (4, 34), (4, 34), (4, 34), (4, 34), (4, 34), (4, 34), (4, 34), (4, 34), (4, 34), (4, 34), (4, 34), (4, 34), (4, 34), (4, 34), (4, 34), (4, 34), (4, 34), (4, 34), (4, 34), (4, 34), (4, 34), (4, 34), (4, 34), (4, 34), (4, 34), (4, 34), (4, 34), (4, 34), (4, 34), (4, 34), (4, 34), (4, 34), (4, 34), (4, 34), (4, 34), (4, 34), (4, 34), (4, 34), (4, 34), (4, 34), (4, 34), (4, 34), (4, 34), (4, 34), (4, 34), (4, 34), (4, 34), (4, 34), (4, 34), (4, 34), (4, 34), (4, 34), (4, 34), (4, 34), (4, 34), (4, 34), (4, 34), (4, 34), (4, 34), (4, 34), (4, 34), (4, 34), (4, 34), (4, 34), (4, 34), (4, 34), (4, 34), (4, 34), (4, 34), (4, 34), (4, 34), (4, 34), (4, 34), (4, 34), (4, 34), (4, 34), (4, 34), (4, 34), (4, 34), (3, 35)]
Mosse wait: 477
Cost to reach the goal: 15.727922061357859

Time: 16.916351795196533
Current occupied memory: 94096
Peak occupied memory: 1700198
Heuristic: diagonal distance


Grid height: 65
Grid width: 60
Traversable cells percentages: 0.98
Agglomeration factor: 0.5

Gli agenti sono stati generati con l'algoritmo ReachGoal
Agents: [[(53, 33), (53, 34), (54, 35), (54, 35), (54, 35), (55, 36), (55, 36), (55, 36), (55, 36), (55, 36), (55, 36), (56, 37), (56, 37), (56, 37), (56, 37), (56, 37), (56, 37), (56, 37), (56, 37), (56, 37), (56, 37), (57, 38), (57, 39), (58, 40), (58, 40), (58, 40), (58, 40), (58, 40), (58, 40), (58, 40), (58, 40), (58, 40), (58, 40), (58, 40), (58, 40), (58, 40), (58, 40), (58, 40), (58, 40), (58, 40), (58, 40), (58, 40), (58, 40), (58, 40), (58, 40), (58, 40), (58, 40), (58, 40), (58, 40), (58, 40), (58, 40), (58, 40), (58, 40), (58, 40), (58, 40), (58, 40), (58, 40), (58, 40), (58, 40), (58, 40), (58, 40), (58, 40), (58, 40), (59, 41)], [(53, 33), (54, 34), (55, 35), (55, 36), (55, 37), (56, 38), (56, 38), (56, 38), (56, 38), (57, 39), (58, 40), (58, 40), (58, 40), (58, 40), (58, 40), (58, 40), (58, 40), (58, 40), (58, 40), (58, 40), (58, 40), (58, 40), (58, 40), (58, 40), (58, 40), (58, 40), (58, 40), (59, 41)], [(30, 51), (29, 51), (28, 51), (27, 51), (26, 51), (25, 51), (24, 51), (23, 51), (22, 51), (21, 51), (20, 51), (19, 51), (18, 51), (17, 51), (16, 51), (15, 51), (14, 51), (13, 51), (12, 51), (11, 51), (10, 51), (9, 51), (8, 51), (7, 51), (6, 51), (5, 52)]]
Numero di agenti: 3


Agent 0
Path: [(53, 33), (53, 34), (54, 35), (54, 35), (54, 35), (55, 36), (55, 36), (55, 36), (55, 36), (55, 36), (55, 36), (56, 37), (56, 37), (56, 37), (56, 37), (56, 37), (56, 37), (56, 37), (56, 37), (56, 37), (56, 37), (57, 38), (57, 39), (58, 40), (58, 40), (58, 40), (58, 40), (58, 40), (58, 40), (58, 40), (58, 40), (58, 40), (58, 40), (58, 40), (58, 40), (58, 40), (58, 40), (58, 40), (58, 40), (58, 40), (58, 40), (58, 40), (58, 40), (58, 40), (58, 40), (58, 40), (58, 40), (58, 40), (58, 40), (58, 40), (58, 40), (58, 40), (58, 40), (58, 40), (58, 40), (58, 40), (58, 40), (58, 40), (58, 40), (58, 40), (58, 40), (58, 40), (58, 40), (59, 41)]
Path length: 64

Agent 1
Path: [(53, 33), (54, 34), (55, 35), (55, 36), (55, 37), (56, 38), (56, 38), (56, 38), (56, 38), (57, 39), (58, 40), (58, 40), (58, 40), (58, 40), (58, 40), (58, 40), (58, 40), (58, 40), (58, 40), (58, 40), (58, 40), (58, 40), (58, 40), (58, 40), (58, 40), (58, 40), (58, 40), (59, 41)]
Path length: 28

Agent 2
Path: [(30, 51), (29, 51), (28, 51), (27, 51), (26, 51), (25, 51), (24, 51), (23, 51), (22, 51), (21, 51), (20, 51), (19, 51), (18, 51), (17, 51), (16, 51), (15, 51), (14, 51), (13, 51), (12, 51), (11, 51), (10, 51), (9, 51), (8, 51), (7, 51), (6, 51), (5, 52)]
Path length: 26


Init: [15, 52]
Goal: [3, 44]
Max: 500

Path: [(15, 52), (14, 52), (13, 52), (12, 52), (11, 51), (11, 51), (11, 51), (11, 51), (11, 51), (11, 51), (11, 51), (11, 51), (10, 50), (9, 49), (8, 48), (7, 48), (6, 47), (6, 47), (6, 47), (5, 46), (4, 45), (4, 45), (4, 45), (4, 45), (4, 45), (4, 45), (4, 45), (4, 45), (4, 45), (4, 45), (3, 44)]
Mosse wait: 18
Cost to reach the goal: 15.313708498984763

Time: 0.02817702293395996
Current occupied memory: 4872
Peak occupied memory: 51390
Heuristic: diagonal distance


Grid height: 70
Grid width: 65
Traversable cells percentages: 0.98
Agglomeration factor: 0.5

Gli agenti sono stati generati con l'algoritmo ReachGoal
Agents: [[(50, 45), (49, 46), (48, 46), (47, 46), (46, 46), (45, 46), (44, 46), (43, 46), (42, 46), (41, 46), (40, 46), (39, 46), (38, 46), (37, 46), (36, 46), (35, 46), (34, 46), (33, 46), (32, 46), (31, 46), (30, 46), (29, 46), (28, 46), (27, 46), (26, 47), (25, 48), (24, 49), (23, 50), (22, 51), (21, 52), (20, 53), (19, 54), (18, 55), (17, 56), (16, 57), (15, 58), (14, 59)], [(61, 10), (60, 9), (59, 9), (58, 9), (57, 9), (56, 9), (55, 9), (54, 9), (53, 8), (52, 7), (51, 6), (50, 6), (49, 6), (48, 6), (47, 6), (46, 6), (45, 6), (44, 6), (43, 6), (42, 6), (41, 6), (40, 6), (39, 6), (38, 6), (37, 6), (36, 6), (35, 6), (34, 6), (33, 6), (32, 6), (31, 6), (30, 6), (29, 6), (28, 6), (27, 6)], [(59, 51), (58, 51), (57, 51), (56, 51), (55, 51), (54, 51), (53, 51), (52, 51), (51, 51), (50, 51), (49, 51), (48, 51), (47, 51), (46, 51), (45, 51), (44, 51), (43, 51), (42, 51), (41, 51), (40, 51), (39, 51), (38, 51), (37, 51), (36, 51), (35, 51), (34, 51), (33, 51), (32, 51), (31, 51), (30, 51), (29, 51), (28, 51), (27, 51), (26, 51), (25, 51), (24, 51), (23, 51), (22, 51), (21, 51), (20, 51), (19, 51), (18, 51), (17, 51), (16, 51), (15, 51), (14, 51), (13, 51), (12, 51), (11, 51), (10, 51), (9, 52)]]
Numero di agenti: 3


Agent 0
Path: [(50, 45), (49, 46), (48, 46), (47, 46), (46, 46), (45, 46), (44, 46), (43, 46), (42, 46), (41, 46), (40, 46), (39, 46), (38, 46), (37, 46), (36, 46), (35, 46), (34, 46), (33, 46), (32, 46), (31, 46), (30, 46), (29, 46), (28, 46), (27, 46), (26, 47), (25, 48), (24, 49), (23, 50), (22, 51), (21, 52), (20, 53), (19, 54), (18, 55), (17, 56), (16, 57), (15, 58), (14, 59)]
Path length: 37

Agent 1
Path: [(61, 10), (60, 9), (59, 9), (58, 9), (57, 9), (56, 9), (55, 9), (54, 9), (53, 8), (52, 7), (51, 6), (50, 6), (49, 6), (48, 6), (47, 6), (46, 6), (45, 6), (44, 6), (43, 6), (42, 6), (41, 6), (40, 6), (39, 6), (38, 6), (37, 6), (36, 6), (35, 6), (34, 6), (33, 6), (32, 6), (31, 6), (30, 6), (29, 6), (28, 6), (27, 6)]
Path length: 35

Agent 2
Path: [(59, 51), (58, 51), (57, 51), (56, 51), (55, 51), (54, 51), (53, 51), (52, 51), (51, 51), (50, 51), (49, 51), (48, 51), (47, 51), (46, 51), (45, 51), (44, 51), (43, 51), (42, 51), (41, 51), (40, 51), (39, 51), (38, 51), (37, 51), (36, 51), (35, 51), (34, 51), (33, 51), (32, 51), (31, 51), (30, 51), (29, 51), (28, 51), (27, 51), (26, 51), (25, 51), (24, 51), (23, 51), (22, 51), (21, 51), (20, 51), (19, 51), (18, 51), (17, 51), (16, 51), (15, 51), (14, 51), (13, 51), (12, 51), (11, 51), (10, 51), (9, 52)]
Path length: 51


Init: [30, 52]
Goal: [6, 69]
Max: 500

Failure

Time: 19.049013137817383
Current occupied memory: 91344
Peak occupied memory: 1701936
Heuristic: diagonal distance