
Grid height: 70
Grid width: 65
Traversable cells percentages: 0.98
Agglomeration factor: 0.5

Gli agenti sono stati generati con l'algoritmo ReachGoal
Agents: [[(50, 45), (49, 46), (48, 46), (47, 46), (46, 46), (45, 46), (44, 46), (43, 46), (42, 46), (41, 46), (40, 46), (39, 46), (38, 46), (37, 46), (36, 46), (35, 46), (34, 46), (33, 46), (32, 46), (31, 46), (30, 46), (29, 46), (28, 46), (27, 46), (26, 47), (25, 48), (24, 49), (23, 50), (22, 51), (21, 52), (20, 53), (19, 54), (18, 55), (17, 56), (16, 57), (15, 58), (14, 59)], [(61, 10), (60, 9), (59, 9), (58, 9), (57, 9), (56, 9), (55, 9), (54, 9), (53, 8), (52, 7), (51, 6), (50, 6), (49, 6), (48, 6), (47, 6), (46, 6), (45, 6), (44, 6), (43, 6), (42, 6), (41, 6), (40, 6), (39, 6), (38, 6), (37, 6), (36, 6), (35, 6), (34, 6), (33, 6), (32, 6), (31, 6), (30, 6), (29, 6), (28, 6), (27, 6)], [(59, 51), (58, 51), (57, 51), (56, 51), (55, 51), (54, 51), (53, 51), (52, 51), (51, 51), (50, 51), (49, 51), (48, 51), (47, 51), (46, 51), (45, 51), (44, 51), (43, 51), (42, 51), (41, 51), (40, 51), (39, 51), (38, 51), (37, 51), (36, 51), (35, 51), (34, 51), (33, 51), (32, 51), (31, 51), (30, 51), (29, 51), (28, 51), (27, 51), (26, 51), (25, 51), (24, 51), (23, 51), (22, 51), (21, 51), (20, 51), (19, 51), (18, 51), (17, 51), (16, 51), (15, 51), (14, 51), (13, 51), (12, 51), (11, 51), (10, 51), (9, 52)]]
Numero di agenti: 3


Agent 0
Path: [(50, 45), (49, 46), (48, 46), (47, 46), (46, 46), (45, 46), (44, 46), (43, 46), (42, 46), (41, 46), (40, 46), (39, 46), (38, 46), (37, 46), (36, 46), (35, 46), (34, 46), (33, 46), (32, 46), (31, 46), (30, 46), (29, 46), (28, 46), (27, 46), (26, 47), (25, 48), (24, 49), (23, 50), (22, 51), (21, 52), (20, 53), (19, 54), (18, 55), (17, 56), (16, 57), (15, 58), (14, 59)]
Path length: 37

Agent 1
Path: [(61, 10), (60, 9), (59, 9), (58, 9), (57, 9), (56, 9), (55, 9), (54, 9), (53, 8), (52, 7), (51, 6), (50, 6), (49, 6), (48, 6), (47, 6), (46, 6), (45, 6), (44, 6), (43, 6), (42, 6), (41, 6), (40, 6), (39, 6), (38, 6), (37, 6), (36, 6), (35, 6), (34, 6), (33, 6), (32, 6), (31, 6), (30, 6), (29, 6), (28, 6), (27, 6)]
Path length: 35

Agent 2
Path: [(59, 51), (58, 51), (57, 51), (56, 51), (55, 51), (54, 51), (53, 51), (52, 51), (51, 51), (50, 51), (49, 51), (48, 51), (47, 51), (46, 51), (45, 51), (44, 51), (43, 51), (42, 51), (41, 51), (40, 51), (39, 51), (38, 51), (37, 51), (36, 51), (35, 51), (34, 51), (33, 51), (32, 51), (31, 51), (30, 51), (29, 51), (28, 51), (27, 51), (26, 51), (25, 51), (24, 51), (23, 51), (22, 51), (21, 51), (20, 51), (19, 51), (18, 51), (17, 51), (16, 51), (15, 51), (14, 51), (13, 51), (12, 51), (11, 51), (10, 51), (9, 52)]
Path length: 51


Init: [30, 52]
Goal: [6, 69]
Max: 500

Failure

Time: 16.599904775619507
Current occupied memory: 91344
Peak occupied memory: 1701936
Heuristic: diagonal distance