


Grid height: 30
Grid width: 20
Traversable cells percentages: 0.8
Agglomeration factor: 0.7

Gli agenti sono stati generati con l'algoritmo ReachGoal
Agents: [[(8, 23), (8, 22), (8, 21), (8, 20), (8, 19), (8, 18), (8, 17), (8, 16), (8, 15), (8, 14), (8, 13), (8, 12), (8, 11), (8, 10), (8, 9), (8, 8), (8, 7), (8, 6), (8, 5), (8, 4), (8, 3), (8, 2), (8, 1)], [(18, 16), (17, 15), (16, 15), (15, 15), (14, 15), (13, 15), (12, 15), (11, 15), (10, 14), (10, 14), (10, 14), (10, 14), (10, 14), (10, 14), (10, 14), (10, 14), (10, 14), (10, 14), (10, 14), (10, 14), (10, 14), (10, 14), (10, 14), (10, 14), (10, 14), (10, 14), (10, 14), (10, 14), (10, 14), (10, 14), (10, 14), (10, 14), (10, 14), (10, 14), (10, 14), (10, 14), (9, 13), (8, 12), (7, 11), (6, 10), (5, 9), (4, 8), (3, 7)], [(8, 27), (8, 26), (8, 25), (8, 24), (8, 23), (8, 22), (8, 21), (8, 20), (8, 19), (8, 18), (8, 17), (8, 16), (8, 15), (8, 14), (8, 13), (8, 12), (8, 11), (8, 10), (8, 9), (8, 8), (8, 7), (8, 6), (8, 5), (8, 4), (8, 3)]]
Numero di agenti: 3


Agent 0
Path: [(8, 23), (8, 22), (8, 21), (8, 20), (8, 19), (8, 18), (8, 17), (8, 16), (8, 15), (8, 14), (8, 13), (8, 12), (8, 11), (8, 10), (8, 9), (8, 8), (8, 7), (8, 6), (8, 5), (8, 4), (8, 3), (8, 2), (8, 1)]
Path length: 23

Agent 1
Path: [(18, 16), (17, 15), (16, 15), (15, 15), (14, 15), (13, 15), (12, 15), (11, 15), (10, 14), (10, 14), (10, 14), (10, 14), (10, 14), (10, 14), (10, 14), (10, 14), (10, 14), (10, 14), (10, 14), (10, 14), (10, 14), (10, 14), (10, 14), (10, 14), (10, 14), (10, 14), (10, 14), (10, 14), (10, 14), (10, 14), (10, 14), (10, 14), (10, 14), (10, 14), (10, 14), (10, 14), (9, 13), (8, 12), (7, 11), (6, 10), (5, 9), (4, 8), (3, 7)]
Path length: 43

Agent 2
Path: [(8, 27), (8, 26), (8, 25), (8, 24), (8, 23), (8, 22), (8, 21), (8, 20), (8, 19), (8, 18), (8, 17), (8, 16), (8, 15), (8, 14), (8, 13), (8, 12), (8, 11), (8, 10), (8, 9), (8, 8), (8, 7), (8, 6), (8, 5), (8, 4), (8, 3)]
Path length: 25


Init: [8, 13]
Goal: [2, 18]
Max: 100

Path: [(8, 13), (7, 13), (6, 14), (5, 15), (4, 16), (3, 17), (2, 18)]
Mosse wait: 0
Cost to reach the goal: 8.071067811865476

Time: 0.00397944450378418
Current occupied memory: 112
Peak occupied memory: 13416


Grid height: 30
Grid width: 20
Traversable cells percentages: 0.8
Agglomeration factor: 0.7

Gli agenti sono stati generati con l'algoritmo ReachGoal
Agents: [[(8, 23), (8, 22), (8, 21), (8, 20), (8, 19), (8, 18), (8, 17), (8, 16), (8, 15), (8, 14), (8, 13), (8, 12), (8, 11), (8, 10), (8, 9), (8, 8), (8, 7), (8, 6), (8, 5), (8, 4), (8, 3), (8, 2), (8, 1)], [(18, 16), (17, 15), (16, 15), (15, 15), (14, 15), (13, 15), (12, 15), (11, 15), (10, 14), (10, 14), (10, 14), (10, 14), (10, 14), (10, 14), (10, 14), (10, 14), (10, 14), (10, 14), (10, 14), (10, 14), (10, 14), (10, 14), (10, 14), (10, 14), (10, 14), (10, 14), (10, 14), (10, 14), (10, 14), (10, 14), (10, 14), (10, 14), (10, 14), (10, 14), (10, 14), (10, 14), (9, 13), (8, 12), (7, 11), (6, 10), (5, 9), (4, 8), (3, 7)], [(8, 27), (8, 26), (8, 25), (8, 24), (8, 23), (8, 22), (8, 21), (8, 20), (8, 19), (8, 18), (8, 17), (8, 16), (8, 15), (8, 14), (8, 13), (8, 12), (8, 11), (8, 10), (8, 9), (8, 8), (8, 7), (8, 6), (8, 5), (8, 4), (8, 3)]]
Numero di agenti: 3


Agent 0
Path: [(8, 23), (8, 22), (8, 21), (8, 20), (8, 19), (8, 18), (8, 17), (8, 16), (8, 15), (8, 14), (8, 13), (8, 12), (8, 11), (8, 10), (8, 9), (8, 8), (8, 7), (8, 6), (8, 5), (8, 4), (8, 3), (8, 2), (8, 1)]
Path length: 23

Agent 1
Path: [(18, 16), (17, 15), (16, 15), (15, 15), (14, 15), (13, 15), (12, 15), (11, 15), (10, 14), (10, 14), (10, 14), (10, 14), (10, 14), (10, 14), (10, 14), (10, 14), (10, 14), (10, 14), (10, 14), (10, 14), (10, 14), (10, 14), (10, 14), (10, 14), (10, 14), (10, 14), (10, 14), (10, 14), (10, 14), (10, 14), (10, 14), (10, 14), (10, 14), (10, 14), (10, 14), (10, 14), (9, 13), (8, 12), (7, 11), (6, 10), (5, 9), (4, 8), (3, 7)]
Path length: 43

Agent 2
Path: [(8, 27), (8, 26), (8, 25), (8, 24), (8, 23), (8, 22), (8, 21), (8, 20), (8, 19), (8, 18), (8, 17), (8, 16), (8, 15), (8, 14), (8, 13), (8, 12), (8, 11), (8, 10), (8, 9), (8, 8), (8, 7), (8, 6), (8, 5), (8, 4), (8, 3)]
Path length: 25


Init: [8, 13]
Goal: [2, 18]
Max: 200

Path: [(8, 13), (7, 13), (6, 14), (5, 15), (4, 16), (3, 17), (2, 18)]
Mosse wait: 0
Cost to reach the goal: 8.071067811865476

Time: 0.0069026947021484375
Current occupied memory: 112
Peak occupied memory: 13232


Grid height: 30
Grid width: 20
Traversable cells percentages: 0.8
Agglomeration factor: 0.7

Gli agenti sono stati generati con l'algoritmo ReachGoal
Agents: [[(8, 23), (8, 22), (8, 21), (8, 20), (8, 19), (8, 18), (8, 17), (8, 16), (8, 15), (8, 14), (8, 13), (8, 12), (8, 11), (8, 10), (8, 9), (8, 8), (8, 7), (8, 6), (8, 5), (8, 4), (8, 3), (8, 2), (8, 1)], [(18, 16), (17, 15), (16, 15), (15, 15), (14, 15), (13, 15), (12, 15), (11, 15), (10, 14), (10, 14), (10, 14), (10, 14), (10, 14), (10, 14), (10, 14), (10, 14), (10, 14), (10, 14), (10, 14), (10, 14), (10, 14), (10, 14), (10, 14), (10, 14), (10, 14), (10, 14), (10, 14), (10, 14), (10, 14), (10, 14), (10, 14), (10, 14), (10, 14), (10, 14), (10, 14), (10, 14), (9, 13), (8, 12), (7, 11), (6, 10), (5, 9), (4, 8), (3, 7)], [(8, 27), (8, 26), (8, 25), (8, 24), (8, 23), (8, 22), (8, 21), (8, 20), (8, 19), (8, 18), (8, 17), (8, 16), (8, 15), (8, 14), (8, 13), (8, 12), (8, 11), (8, 10), (8, 9), (8, 8), (8, 7), (8, 6), (8, 5), (8, 4), (8, 3)]]
Numero di agenti: 3


Agent 0
Path: [(8, 23), (8, 22), (8, 21), (8, 20), (8, 19), (8, 18), (8, 17), (8, 16), (8, 15), (8, 14), (8, 13), (8, 12), (8, 11), (8, 10), (8, 9), (8, 8), (8, 7), (8, 6), (8, 5), (8, 4), (8, 3), (8, 2), (8, 1)]
Path length: 23

Agent 1
Path: [(18, 16), (17, 15), (16, 15), (15, 15), (14, 15), (13, 15), (12, 15), (11, 15), (10, 14), (10, 14), (10, 14), (10, 14), (10, 14), (10, 14), (10, 14), (10, 14), (10, 14), (10, 14), (10, 14), (10, 14), (10, 14), (10, 14), (10, 14), (10, 14), (10, 14), (10, 14), (10, 14), (10, 14), (10, 14), (10, 14), (10, 14), (10, 14), (10, 14), (10, 14), (10, 14), (10, 14), (9, 13), (8, 12), (7, 11), (6, 10), (5, 9), (4, 8), (3, 7)]
Path length: 43

Agent 2
Path: [(8, 27), (8, 26), (8, 25), (8, 24), (8, 23), (8, 22), (8, 21), (8, 20), (8, 19), (8, 18), (8, 17), (8, 16), (8, 15), (8, 14), (8, 13), (8, 12), (8, 11), (8, 10), (8, 9), (8, 8), (8, 7), (8, 6), (8, 5), (8, 4), (8, 3)]
Path length: 25


Init: [8, 13]
Goal: [2, 18]
Max: 300

Path: [(8, 13), (7, 13), (6, 14), (5, 15), (4, 16), (3, 17), (2, 18)]
Mosse wait: 0
Cost to reach the goal: 8.071067811865476

Time: 0.0
Current occupied memory: 112
Peak occupied memory: 13232


Grid height: 30
Grid width: 20
Traversable cells percentages: 0.8
Agglomeration factor: 0.7

Gli agenti sono stati generati con l'algoritmo ReachGoal
Agents: [[(8, 23), (8, 22), (8, 21), (8, 20), (8, 19), (8, 18), (8, 17), (8, 16), (8, 15), (8, 14), (8, 13), (8, 12), (8, 11), (8, 10), (8, 9), (8, 8), (8, 7), (8, 6), (8, 5), (8, 4), (8, 3), (8, 2), (8, 1)], [(18, 16), (17, 15), (16, 15), (15, 15), (14, 15), (13, 15), (12, 15), (11, 15), (10, 14), (10, 14), (10, 14), (10, 14), (10, 14), (10, 14), (10, 14), (10, 14), (10, 14), (10, 14), (10, 14), (10, 14), (10, 14), (10, 14), (10, 14), (10, 14), (10, 14), (10, 14), (10, 14), (10, 14), (10, 14), (10, 14), (10, 14), (10, 14), (10, 14), (10, 14), (10, 14), (10, 14), (9, 13), (8, 12), (7, 11), (6, 10), (5, 9), (4, 8), (3, 7)], [(8, 27), (8, 26), (8, 25), (8, 24), (8, 23), (8, 22), (8, 21), (8, 20), (8, 19), (8, 18), (8, 17), (8, 16), (8, 15), (8, 14), (8, 13), (8, 12), (8, 11), (8, 10), (8, 9), (8, 8), (8, 7), (8, 6), (8, 5), (8, 4), (8, 3)]]
Numero di agenti: 3


Agent 0
Path: [(8, 23), (8, 22), (8, 21), (8, 20), (8, 19), (8, 18), (8, 17), (8, 16), (8, 15), (8, 14), (8, 13), (8, 12), (8, 11), (8, 10), (8, 9), (8, 8), (8, 7), (8, 6), (8, 5), (8, 4), (8, 3), (8, 2), (8, 1)]
Path length: 23

Agent 1
Path: [(18, 16), (17, 15), (16, 15), (15, 15), (14, 15), (13, 15), (12, 15), (11, 15), (10, 14), (10, 14), (10, 14), (10, 14), (10, 14), (10, 14), (10, 14), (10, 14), (10, 14), (10, 14), (10, 14), (10, 14), (10, 14), (10, 14), (10, 14), (10, 14), (10, 14), (10, 14), (10, 14), (10, 14), (10, 14), (10, 14), (10, 14), (10, 14), (10, 14), (10, 14), (10, 14), (10, 14), (9, 13), (8, 12), (7, 11), (6, 10), (5, 9), (4, 8), (3, 7)]
Path length: 43

Agent 2
Path: [(8, 27), (8, 26), (8, 25), (8, 24), (8, 23), (8, 22), (8, 21), (8, 20), (8, 19), (8, 18), (8, 17), (8, 16), (8, 15), (8, 14), (8, 13), (8, 12), (8, 11), (8, 10), (8, 9), (8, 8), (8, 7), (8, 6), (8, 5), (8, 4), (8, 3)]
Path length: 25


Init: [8, 13]
Goal: [2, 18]
Max: 400

Path: [(8, 13), (7, 13), (6, 14), (5, 15), (4, 16), (3, 17), (2, 18)]
Mosse wait: 0
Cost to reach the goal: 8.071067811865476

Time: 0.004610300064086914
Current occupied memory: 112
Peak occupied memory: 13232


Grid height: 30
Grid width: 20
Traversable cells percentages: 0.8
Agglomeration factor: 0.7

Gli agenti sono stati generati con l'algoritmo ReachGoal
Agents: [[(8, 23), (8, 22), (8, 21), (8, 20), (8, 19), (8, 18), (8, 17), (8, 16), (8, 15), (8, 14), (8, 13), (8, 12), (8, 11), (8, 10), (8, 9), (8, 8), (8, 7), (8, 6), (8, 5), (8, 4), (8, 3), (8, 2), (8, 1)], [(18, 16), (17, 15), (16, 15), (15, 15), (14, 15), (13, 15), (12, 15), (11, 15), (10, 14), (10, 14), (10, 14), (10, 14), (10, 14), (10, 14), (10, 14), (10, 14), (10, 14), (10, 14), (10, 14), (10, 14), (10, 14), (10, 14), (10, 14), (10, 14), (10, 14), (10, 14), (10, 14), (10, 14), (10, 14), (10, 14), (10, 14), (10, 14), (10, 14), (10, 14), (10, 14), (10, 14), (9, 13), (8, 12), (7, 11), (6, 10), (5, 9), (4, 8), (3, 7)], [(8, 27), (8, 26), (8, 25), (8, 24), (8, 23), (8, 22), (8, 21), (8, 20), (8, 19), (8, 18), (8, 17), (8, 16), (8, 15), (8, 14), (8, 13), (8, 12), (8, 11), (8, 10), (8, 9), (8, 8), (8, 7), (8, 6), (8, 5), (8, 4), (8, 3)]]
Numero di agenti: 3


Agent 0
Path: [(8, 23), (8, 22), (8, 21), (8, 20), (8, 19), (8, 18), (8, 17), (8, 16), (8, 15), (8, 14), (8, 13), (8, 12), (8, 11), (8, 10), (8, 9), (8, 8), (8, 7), (8, 6), (8, 5), (8, 4), (8, 3), (8, 2), (8, 1)]
Path length: 23

Agent 1
Path: [(18, 16), (17, 15), (16, 15), (15, 15), (14, 15), (13, 15), (12, 15), (11, 15), (10, 14), (10, 14), (10, 14), (10, 14), (10, 14), (10, 14), (10, 14), (10, 14), (10, 14), (10, 14), (10, 14), (10, 14), (10, 14), (10, 14), (10, 14), (10, 14), (10, 14), (10, 14), (10, 14), (10, 14), (10, 14), (10, 14), (10, 14), (10, 14), (10, 14), (10, 14), (10, 14), (10, 14), (9, 13), (8, 12), (7, 11), (6, 10), (5, 9), (4, 8), (3, 7)]
Path length: 43

Agent 2
Path: [(8, 27), (8, 26), (8, 25), (8, 24), (8, 23), (8, 22), (8, 21), (8, 20), (8, 19), (8, 18), (8, 17), (8, 16), (8, 15), (8, 14), (8, 13), (8, 12), (8, 11), (8, 10), (8, 9), (8, 8), (8, 7), (8, 6), (8, 5), (8, 4), (8, 3)]
Path length: 25


Init: [8, 13]
Goal: [2, 18]
Max: 500

Path: [(8, 13), (7, 13), (6, 14), (5, 15), (4, 16), (3, 17), (2, 18)]
Mosse wait: 0
Cost to reach the goal: 8.071067811865476

Time: 0.0
Current occupied memory: 112
Peak occupied memory: 13232


Grid height: 30
Grid width: 20
Traversable cells percentages: 0.8
Agglomeration factor: 0.7

Gli agenti sono stati generati con l'algoritmo ReachGoal
Agents: [[(8, 23), (8, 22), (8, 21), (8, 20), (8, 19), (8, 18), (8, 17), (8, 16), (8, 15), (8, 14), (8, 13), (8, 12), (8, 11), (8, 10), (8, 9), (8, 8), (8, 7), (8, 6), (8, 5), (8, 4), (8, 3), (8, 2), (8, 1)], [(18, 16), (17, 15), (16, 15), (15, 15), (14, 15), (13, 15), (12, 15), (11, 15), (10, 14), (10, 14), (10, 14), (10, 14), (10, 14), (10, 14), (10, 14), (10, 14), (10, 14), (10, 14), (10, 14), (10, 14), (10, 14), (10, 14), (10, 14), (10, 14), (10, 14), (10, 14), (10, 14), (10, 14), (10, 14), (10, 14), (10, 14), (10, 14), (10, 14), (10, 14), (10, 14), (10, 14), (9, 13), (8, 12), (7, 11), (6, 10), (5, 9), (4, 8), (3, 7)], [(8, 27), (8, 26), (8, 25), (8, 24), (8, 23), (8, 22), (8, 21), (8, 20), (8, 19), (8, 18), (8, 17), (8, 16), (8, 15), (8, 14), (8, 13), (8, 12), (8, 11), (8, 10), (8, 9), (8, 8), (8, 7), (8, 6), (8, 5), (8, 4), (8, 3)]]
Numero di agenti: 3


Agent 0
Path: [(8, 23), (8, 22), (8, 21), (8, 20), (8, 19), (8, 18), (8, 17), (8, 16), (8, 15), (8, 14), (8, 13), (8, 12), (8, 11), (8, 10), (8, 9), (8, 8), (8, 7), (8, 6), (8, 5), (8, 4), (8, 3), (8, 2), (8, 1)]
Path length: 23

Agent 1
Path: [(18, 16), (17, 15), (16, 15), (15, 15), (14, 15), (13, 15), (12, 15), (11, 15), (10, 14), (10, 14), (10, 14), (10, 14), (10, 14), (10, 14), (10, 14), (10, 14), (10, 14), (10, 14), (10, 14), (10, 14), (10, 14), (10, 14), (10, 14), (10, 14), (10, 14), (10, 14), (10, 14), (10, 14), (10, 14), (10, 14), (10, 14), (10, 14), (10, 14), (10, 14), (10, 14), (10, 14), (9, 13), (8, 12), (7, 11), (6, 10), (5, 9), (4, 8), (3, 7)]
Path length: 43

Agent 2
Path: [(8, 27), (8, 26), (8, 25), (8, 24), (8, 23), (8, 22), (8, 21), (8, 20), (8, 19), (8, 18), (8, 17), (8, 16), (8, 15), (8, 14), (8, 13), (8, 12), (8, 11), (8, 10), (8, 9), (8, 8), (8, 7), (8, 6), (8, 5), (8, 4), (8, 3)]
Path length: 25


Init: [8, 13]
Goal: [2, 18]
Max: 600

Path: [(8, 13), (7, 13), (6, 14), (5, 15), (4, 16), (3, 17), (2, 18)]
Mosse wait: 0
Cost to reach the goal: 8.071067811865476

Time: 0.006013154983520508
Current occupied memory: 112
Peak occupied memory: 13232


Grid height: 30
Grid width: 20
Traversable cells percentages: 0.8
Agglomeration factor: 0.7

Gli agenti sono stati generati con l'algoritmo ReachGoal
Agents: [[(8, 23), (8, 22), (8, 21), (8, 20), (8, 19), (8, 18), (8, 17), (8, 16), (8, 15), (8, 14), (8, 13), (8, 12), (8, 11), (8, 10), (8, 9), (8, 8), (8, 7), (8, 6), (8, 5), (8, 4), (8, 3), (8, 2), (8, 1)], [(18, 16), (17, 15), (16, 15), (15, 15), (14, 15), (13, 15), (12, 15), (11, 15), (10, 14), (10, 14), (10, 14), (10, 14), (10, 14), (10, 14), (10, 14), (10, 14), (10, 14), (10, 14), (10, 14), (10, 14), (10, 14), (10, 14), (10, 14), (10, 14), (10, 14), (10, 14), (10, 14), (10, 14), (10, 14), (10, 14), (10, 14), (10, 14), (10, 14), (10, 14), (10, 14), (10, 14), (9, 13), (8, 12), (7, 11), (6, 10), (5, 9), (4, 8), (3, 7)], [(8, 27), (8, 26), (8, 25), (8, 24), (8, 23), (8, 22), (8, 21), (8, 20), (8, 19), (8, 18), (8, 17), (8, 16), (8, 15), (8, 14), (8, 13), (8, 12), (8, 11), (8, 10), (8, 9), (8, 8), (8, 7), (8, 6), (8, 5), (8, 4), (8, 3)]]
Numero di agenti: 3


Agent 0
Path: [(8, 23), (8, 22), (8, 21), (8, 20), (8, 19), (8, 18), (8, 17), (8, 16), (8, 15), (8, 14), (8, 13), (8, 12), (8, 11), (8, 10), (8, 9), (8, 8), (8, 7), (8, 6), (8, 5), (8, 4), (8, 3), (8, 2), (8, 1)]
Path length: 23

Agent 1
Path: [(18, 16), (17, 15), (16, 15), (15, 15), (14, 15), (13, 15), (12, 15), (11, 15), (10, 14), (10, 14), (10, 14), (10, 14), (10, 14), (10, 14), (10, 14), (10, 14), (10, 14), (10, 14), (10, 14), (10, 14), (10, 14), (10, 14), (10, 14), (10, 14), (10, 14), (10, 14), (10, 14), (10, 14), (10, 14), (10, 14), (10, 14), (10, 14), (10, 14), (10, 14), (10, 14), (10, 14), (9, 13), (8, 12), (7, 11), (6, 10), (5, 9), (4, 8), (3, 7)]
Path length: 43

Agent 2
Path: [(8, 27), (8, 26), (8, 25), (8, 24), (8, 23), (8, 22), (8, 21), (8, 20), (8, 19), (8, 18), (8, 17), (8, 16), (8, 15), (8, 14), (8, 13), (8, 12), (8, 11), (8, 10), (8, 9), (8, 8), (8, 7), (8, 6), (8, 5), (8, 4), (8, 3)]
Path length: 25


Init: [8, 13]
Goal: [2, 18]
Max: 700

Path: [(8, 13), (7, 13), (6, 14), (5, 15), (4, 16), (3, 17), (2, 18)]
Mosse wait: 0
Cost to reach the goal: 8.071067811865476

Time: 0.004003286361694336
Current occupied memory: 112
Peak occupied memory: 13232


Grid height: 30
Grid width: 20
Traversable cells percentages: 0.8
Agglomeration factor: 0.7

Gli agenti sono stati generati con l'algoritmo ReachGoal
Agents: [[(8, 23), (8, 22), (8, 21), (8, 20), (8, 19), (8, 18), (8, 17), (8, 16), (8, 15), (8, 14), (8, 13), (8, 12), (8, 11), (8, 10), (8, 9), (8, 8), (8, 7), (8, 6), (8, 5), (8, 4), (8, 3), (8, 2), (8, 1)], [(18, 16), (17, 15), (16, 15), (15, 15), (14, 15), (13, 15), (12, 15), (11, 15), (10, 14), (10, 14), (10, 14), (10, 14), (10, 14), (10, 14), (10, 14), (10, 14), (10, 14), (10, 14), (10, 14), (10, 14), (10, 14), (10, 14), (10, 14), (10, 14), (10, 14), (10, 14), (10, 14), (10, 14), (10, 14), (10, 14), (10, 14), (10, 14), (10, 14), (10, 14), (10, 14), (10, 14), (9, 13), (8, 12), (7, 11), (6, 10), (5, 9), (4, 8), (3, 7)], [(8, 27), (8, 26), (8, 25), (8, 24), (8, 23), (8, 22), (8, 21), (8, 20), (8, 19), (8, 18), (8, 17), (8, 16), (8, 15), (8, 14), (8, 13), (8, 12), (8, 11), (8, 10), (8, 9), (8, 8), (8, 7), (8, 6), (8, 5), (8, 4), (8, 3)]]
Numero di agenti: 3


Agent 0
Path: [(8, 23), (8, 22), (8, 21), (8, 20), (8, 19), (8, 18), (8, 17), (8, 16), (8, 15), (8, 14), (8, 13), (8, 12), (8, 11), (8, 10), (8, 9), (8, 8), (8, 7), (8, 6), (8, 5), (8, 4), (8, 3), (8, 2), (8, 1)]
Path length: 23

Agent 1
Path: [(18, 16), (17, 15), (16, 15), (15, 15), (14, 15), (13, 15), (12, 15), (11, 15), (10, 14), (10, 14), (10, 14), (10, 14), (10, 14), (10, 14), (10, 14), (10, 14), (10, 14), (10, 14), (10, 14), (10, 14), (10, 14), (10, 14), (10, 14), (10, 14), (10, 14), (10, 14), (10, 14), (10, 14), (10, 14), (10, 14), (10, 14), (10, 14), (10, 14), (10, 14), (10, 14), (10, 14), (9, 13), (8, 12), (7, 11), (6, 10), (5, 9), (4, 8), (3, 7)]
Path length: 43

Agent 2
Path: [(8, 27), (8, 26), (8, 25), (8, 24), (8, 23), (8, 22), (8, 21), (8, 20), (8, 19), (8, 18), (8, 17), (8, 16), (8, 15), (8, 14), (8, 13), (8, 12), (8, 11), (8, 10), (8, 9), (8, 8), (8, 7), (8, 6), (8, 5), (8, 4), (8, 3)]
Path length: 25


Init: [8, 13]
Goal: [2, 18]
Max: 800

Path: [(8, 13), (7, 13), (6, 14), (5, 15), (4, 16), (3, 17), (2, 18)]
Mosse wait: 0
Cost to reach the goal: 8.071067811865476

Time: 0.004175901412963867
Current occupied memory: 112
Peak occupied memory: 13232


Grid height: 30
Grid width: 20
Traversable cells percentages: 0.8
Agglomeration factor: 0.7

Gli agenti sono stati generati con l'algoritmo ReachGoal
Agents: [[(8, 23), (8, 22), (8, 21), (8, 20), (8, 19), (8, 18), (8, 17), (8, 16), (8, 15), (8, 14), (8, 13), (8, 12), (8, 11), (8, 10), (8, 9), (8, 8), (8, 7), (8, 6), (8, 5), (8, 4), (8, 3), (8, 2), (8, 1)], [(18, 16), (17, 15), (16, 15), (15, 15), (14, 15), (13, 15), (12, 15), (11, 15), (10, 14), (10, 14), (10, 14), (10, 14), (10, 14), (10, 14), (10, 14), (10, 14), (10, 14), (10, 14), (10, 14), (10, 14), (10, 14), (10, 14), (10, 14), (10, 14), (10, 14), (10, 14), (10, 14), (10, 14), (10, 14), (10, 14), (10, 14), (10, 14), (10, 14), (10, 14), (10, 14), (10, 14), (9, 13), (8, 12), (7, 11), (6, 10), (5, 9), (4, 8), (3, 7)], [(8, 27), (8, 26), (8, 25), (8, 24), (8, 23), (8, 22), (8, 21), (8, 20), (8, 19), (8, 18), (8, 17), (8, 16), (8, 15), (8, 14), (8, 13), (8, 12), (8, 11), (8, 10), (8, 9), (8, 8), (8, 7), (8, 6), (8, 5), (8, 4), (8, 3)]]
Numero di agenti: 3


Agent 0
Path: [(8, 23), (8, 22), (8, 21), (8, 20), (8, 19), (8, 18), (8, 17), (8, 16), (8, 15), (8, 14), (8, 13), (8, 12), (8, 11), (8, 10), (8, 9), (8, 8), (8, 7), (8, 6), (8, 5), (8, 4), (8, 3), (8, 2), (8, 1)]
Path length: 23

Agent 1
Path: [(18, 16), (17, 15), (16, 15), (15, 15), (14, 15), (13, 15), (12, 15), (11, 15), (10, 14), (10, 14), (10, 14), (10, 14), (10, 14), (10, 14), (10, 14), (10, 14), (10, 14), (10, 14), (10, 14), (10, 14), (10, 14), (10, 14), (10, 14), (10, 14), (10, 14), (10, 14), (10, 14), (10, 14), (10, 14), (10, 14), (10, 14), (10, 14), (10, 14), (10, 14), (10, 14), (10, 14), (9, 13), (8, 12), (7, 11), (6, 10), (5, 9), (4, 8), (3, 7)]
Path length: 43

Agent 2
Path: [(8, 27), (8, 26), (8, 25), (8, 24), (8, 23), (8, 22), (8, 21), (8, 20), (8, 19), (8, 18), (8, 17), (8, 16), (8, 15), (8, 14), (8, 13), (8, 12), (8, 11), (8, 10), (8, 9), (8, 8), (8, 7), (8, 6), (8, 5), (8, 4), (8, 3)]
Path length: 25


Init: [8, 13]
Goal: [2, 18]
Max: 900

Path: [(8, 13), (7, 13), (6, 14), (5, 15), (4, 16), (3, 17), (2, 18)]
Mosse wait: 0
Cost to reach the goal: 8.071067811865476

Time: 0.0
Current occupied memory: 112
Peak occupied memory: 13232


Grid height: 30
Grid width: 20
Traversable cells percentages: 0.8
Agglomeration factor: 0.7

Gli agenti sono stati generati con l'algoritmo ReachGoal
Agents: [[(8, 23), (8, 22), (8, 21), (8, 20), (8, 19), (8, 18), (8, 17), (8, 16), (8, 15), (8, 14), (8, 13), (8, 12), (8, 11), (8, 10), (8, 9), (8, 8), (8, 7), (8, 6), (8, 5), (8, 4), (8, 3), (8, 2), (8, 1)], [(18, 16), (17, 15), (16, 15), (15, 15), (14, 15), (13, 15), (12, 15), (11, 15), (10, 14), (10, 14), (10, 14), (10, 14), (10, 14), (10, 14), (10, 14), (10, 14), (10, 14), (10, 14), (10, 14), (10, 14), (10, 14), (10, 14), (10, 14), (10, 14), (10, 14), (10, 14), (10, 14), (10, 14), (10, 14), (10, 14), (10, 14), (10, 14), (10, 14), (10, 14), (10, 14), (10, 14), (9, 13), (8, 12), (7, 11), (6, 10), (5, 9), (4, 8), (3, 7)], [(8, 27), (8, 26), (8, 25), (8, 24), (8, 23), (8, 22), (8, 21), (8, 20), (8, 19), (8, 18), (8, 17), (8, 16), (8, 15), (8, 14), (8, 13), (8, 12), (8, 11), (8, 10), (8, 9), (8, 8), (8, 7), (8, 6), (8, 5), (8, 4), (8, 3)]]
Numero di agenti: 3


Agent 0
Path: [(8, 23), (8, 22), (8, 21), (8, 20), (8, 19), (8, 18), (8, 17), (8, 16), (8, 15), (8, 14), (8, 13), (8, 12), (8, 11), (8, 10), (8, 9), (8, 8), (8, 7), (8, 6), (8, 5), (8, 4), (8, 3), (8, 2), (8, 1)]
Path length: 23

Agent 1
Path: [(18, 16), (17, 15), (16, 15), (15, 15), (14, 15), (13, 15), (12, 15), (11, 15), (10, 14), (10, 14), (10, 14), (10, 14), (10, 14), (10, 14), (10, 14), (10, 14), (10, 14), (10, 14), (10, 14), (10, 14), (10, 14), (10, 14), (10, 14), (10, 14), (10, 14), (10, 14), (10, 14), (10, 14), (10, 14), (10, 14), (10, 14), (10, 14), (10, 14), (10, 14), (10, 14), (10, 14), (9, 13), (8, 12), (7, 11), (6, 10), (5, 9), (4, 8), (3, 7)]
Path length: 43

Agent 2
Path: [(8, 27), (8, 26), (8, 25), (8, 24), (8, 23), (8, 22), (8, 21), (8, 20), (8, 19), (8, 18), (8, 17), (8, 16), (8, 15), (8, 14), (8, 13), (8, 12), (8, 11), (8, 10), (8, 9), (8, 8), (8, 7), (8, 6), (8, 5), (8, 4), (8, 3)]
Path length: 25


Init: [8, 13]
Goal: [2, 18]
Max: 1000

Path: [(8, 13), (7, 13), (6, 14), (5, 15), (4, 16), (3, 17), (2, 18)]
Mosse wait: 0
Cost to reach the goal: 8.071067811865476

Time: 0.0
Current occupied memory: 112
Peak occupied memory: 13232


Grid height: 30
Grid width: 20
Traversable cells percentages: 0.8
Agglomeration factor: 0.7

Gli agenti sono stati generati con l'algoritmo ReachGoal
Agents: [[(8, 23), (8, 22), (8, 21), (8, 20), (8, 19), (8, 18), (8, 17), (8, 16), (8, 15), (8, 14), (8, 13), (8, 12), (8, 11), (8, 10), (8, 9), (8, 8), (8, 7), (8, 6), (8, 5), (8, 4), (8, 3), (8, 2), (8, 1)], [(18, 16), (17, 15), (16, 15), (15, 15), (14, 15), (13, 15), (12, 15), (11, 15), (10, 14), (10, 14), (10, 14), (10, 14), (10, 14), (10, 14), (10, 14), (10, 14), (10, 14), (10, 14), (10, 14), (10, 14), (10, 14), (10, 14), (10, 14), (10, 14), (10, 14), (10, 14), (10, 14), (10, 14), (10, 14), (10, 14), (10, 14), (10, 14), (10, 14), (10, 14), (10, 14), (10, 14), (9, 13), (8, 12), (7, 11), (6, 10), (5, 9), (4, 8), (3, 7)], [(8, 27), (8, 26), (8, 25), (8, 24), (8, 23), (8, 22), (8, 21), (8, 20), (8, 19), (8, 18), (8, 17), (8, 16), (8, 15), (8, 14), (8, 13), (8, 12), (8, 11), (8, 10), (8, 9), (8, 8), (8, 7), (8, 6), (8, 5), (8, 4), (8, 3)]]
Numero di agenti: 3


Agent 0
Path: [(8, 23), (8, 22), (8, 21), (8, 20), (8, 19), (8, 18), (8, 17), (8, 16), (8, 15), (8, 14), (8, 13), (8, 12), (8, 11), (8, 10), (8, 9), (8, 8), (8, 7), (8, 6), (8, 5), (8, 4), (8, 3), (8, 2), (8, 1)]
Path length: 23

Agent 1
Path: [(18, 16), (17, 15), (16, 15), (15, 15), (14, 15), (13, 15), (12, 15), (11, 15), (10, 14), (10, 14), (10, 14), (10, 14), (10, 14), (10, 14), (10, 14), (10, 14), (10, 14), (10, 14), (10, 14), (10, 14), (10, 14), (10, 14), (10, 14), (10, 14), (10, 14), (10, 14), (10, 14), (10, 14), (10, 14), (10, 14), (10, 14), (10, 14), (10, 14), (10, 14), (10, 14), (10, 14), (9, 13), (8, 12), (7, 11), (6, 10), (5, 9), (4, 8), (3, 7)]
Path length: 43

Agent 2
Path: [(8, 27), (8, 26), (8, 25), (8, 24), (8, 23), (8, 22), (8, 21), (8, 20), (8, 19), (8, 18), (8, 17), (8, 16), (8, 15), (8, 14), (8, 13), (8, 12), (8, 11), (8, 10), (8, 9), (8, 8), (8, 7), (8, 6), (8, 5), (8, 4), (8, 3)]
Path length: 25


Init: [8, 13]
Goal: [2, 18]
Max: 1100

Path: [(8, 13), (7, 13), (6, 14), (5, 15), (4, 16), (3, 17), (2, 18)]
Mosse wait: 0
Cost to reach the goal: 8.071067811865476

Time: 0.015527725219726562
Current occupied memory: 112
Peak occupied memory: 13232


Grid height: 30
Grid width: 20
Traversable cells percentages: 0.8
Agglomeration factor: 0.7

Gli agenti sono stati generati con l'algoritmo ReachGoal
Agents: [[(8, 23), (8, 22), (8, 21), (8, 20), (8, 19), (8, 18), (8, 17), (8, 16), (8, 15), (8, 14), (8, 13), (8, 12), (8, 11), (8, 10), (8, 9), (8, 8), (8, 7), (8, 6), (8, 5), (8, 4), (8, 3), (8, 2), (8, 1)], [(18, 16), (17, 15), (16, 15), (15, 15), (14, 15), (13, 15), (12, 15), (11, 15), (10, 14), (10, 14), (10, 14), (10, 14), (10, 14), (10, 14), (10, 14), (10, 14), (10, 14), (10, 14), (10, 14), (10, 14), (10, 14), (10, 14), (10, 14), (10, 14), (10, 14), (10, 14), (10, 14), (10, 14), (10, 14), (10, 14), (10, 14), (10, 14), (10, 14), (10, 14), (10, 14), (10, 14), (9, 13), (8, 12), (7, 11), (6, 10), (5, 9), (4, 8), (3, 7)], [(8, 27), (8, 26), (8, 25), (8, 24), (8, 23), (8, 22), (8, 21), (8, 20), (8, 19), (8, 18), (8, 17), (8, 16), (8, 15), (8, 14), (8, 13), (8, 12), (8, 11), (8, 10), (8, 9), (8, 8), (8, 7), (8, 6), (8, 5), (8, 4), (8, 3)]]
Numero di agenti: 3


Agent 0
Path: [(8, 23), (8, 22), (8, 21), (8, 20), (8, 19), (8, 18), (8, 17), (8, 16), (8, 15), (8, 14), (8, 13), (8, 12), (8, 11), (8, 10), (8, 9), (8, 8), (8, 7), (8, 6), (8, 5), (8, 4), (8, 3), (8, 2), (8, 1)]
Path length: 23

Agent 1
Path: [(18, 16), (17, 15), (16, 15), (15, 15), (14, 15), (13, 15), (12, 15), (11, 15), (10, 14), (10, 14), (10, 14), (10, 14), (10, 14), (10, 14), (10, 14), (10, 14), (10, 14), (10, 14), (10, 14), (10, 14), (10, 14), (10, 14), (10, 14), (10, 14), (10, 14), (10, 14), (10, 14), (10, 14), (10, 14), (10, 14), (10, 14), (10, 14), (10, 14), (10, 14), (10, 14), (10, 14), (9, 13), (8, 12), (7, 11), (6, 10), (5, 9), (4, 8), (3, 7)]
Path length: 43

Agent 2
Path: [(8, 27), (8, 26), (8, 25), (8, 24), (8, 23), (8, 22), (8, 21), (8, 20), (8, 19), (8, 18), (8, 17), (8, 16), (8, 15), (8, 14), (8, 13), (8, 12), (8, 11), (8, 10), (8, 9), (8, 8), (8, 7), (8, 6), (8, 5), (8, 4), (8, 3)]
Path length: 25


Init: [8, 13]
Goal: [2, 18]
Max: 1200

Path: [(8, 13), (7, 13), (6, 14), (5, 15), (4, 16), (3, 17), (2, 18)]
Mosse wait: 0
Cost to reach the goal: 8.071067811865476

Time: 0.004639863967895508
Current occupied memory: 112
Peak occupied memory: 13232


Grid height: 30
Grid width: 20
Traversable cells percentages: 0.8
Agglomeration factor: 0.7

Gli agenti sono stati generati con l'algoritmo ReachGoal
Agents: [[(8, 23), (8, 22), (8, 21), (8, 20), (8, 19), (8, 18), (8, 17), (8, 16), (8, 15), (8, 14), (8, 13), (8, 12), (8, 11), (8, 10), (8, 9), (8, 8), (8, 7), (8, 6), (8, 5), (8, 4), (8, 3), (8, 2), (8, 1)], [(18, 16), (17, 15), (16, 15), (15, 15), (14, 15), (13, 15), (12, 15), (11, 15), (10, 14), (10, 14), (10, 14), (10, 14), (10, 14), (10, 14), (10, 14), (10, 14), (10, 14), (10, 14), (10, 14), (10, 14), (10, 14), (10, 14), (10, 14), (10, 14), (10, 14), (10, 14), (10, 14), (10, 14), (10, 14), (10, 14), (10, 14), (10, 14), (10, 14), (10, 14), (10, 14), (10, 14), (9, 13), (8, 12), (7, 11), (6, 10), (5, 9), (4, 8), (3, 7)], [(8, 27), (8, 26), (8, 25), (8, 24), (8, 23), (8, 22), (8, 21), (8, 20), (8, 19), (8, 18), (8, 17), (8, 16), (8, 15), (8, 14), (8, 13), (8, 12), (8, 11), (8, 10), (8, 9), (8, 8), (8, 7), (8, 6), (8, 5), (8, 4), (8, 3)]]
Numero di agenti: 3


Agent 0
Path: [(8, 23), (8, 22), (8, 21), (8, 20), (8, 19), (8, 18), (8, 17), (8, 16), (8, 15), (8, 14), (8, 13), (8, 12), (8, 11), (8, 10), (8, 9), (8, 8), (8, 7), (8, 6), (8, 5), (8, 4), (8, 3), (8, 2), (8, 1)]
Path length: 23

Agent 1
Path: [(18, 16), (17, 15), (16, 15), (15, 15), (14, 15), (13, 15), (12, 15), (11, 15), (10, 14), (10, 14), (10, 14), (10, 14), (10, 14), (10, 14), (10, 14), (10, 14), (10, 14), (10, 14), (10, 14), (10, 14), (10, 14), (10, 14), (10, 14), (10, 14), (10, 14), (10, 14), (10, 14), (10, 14), (10, 14), (10, 14), (10, 14), (10, 14), (10, 14), (10, 14), (10, 14), (10, 14), (9, 13), (8, 12), (7, 11), (6, 10), (5, 9), (4, 8), (3, 7)]
Path length: 43

Agent 2
Path: [(8, 27), (8, 26), (8, 25), (8, 24), (8, 23), (8, 22), (8, 21), (8, 20), (8, 19), (8, 18), (8, 17), (8, 16), (8, 15), (8, 14), (8, 13), (8, 12), (8, 11), (8, 10), (8, 9), (8, 8), (8, 7), (8, 6), (8, 5), (8, 4), (8, 3)]
Path length: 25


Init: [8, 13]
Goal: [2, 18]
Max: 1300

Path: [(8, 13), (7, 13), (6, 14), (5, 15), (4, 16), (3, 17), (2, 18)]
Mosse wait: 0
Cost to reach the goal: 8.071067811865476

Time: 0.015722036361694336
Current occupied memory: 112
Peak occupied memory: 13232


Grid height: 30
Grid width: 20
Traversable cells percentages: 0.8
Agglomeration factor: 0.7

Gli agenti sono stati generati con l'algoritmo ReachGoal
Agents: [[(8, 23), (8, 22), (8, 21), (8, 20), (8, 19), (8, 18), (8, 17), (8, 16), (8, 15), (8, 14), (8, 13), (8, 12), (8, 11), (8, 10), (8, 9), (8, 8), (8, 7), (8, 6), (8, 5), (8, 4), (8, 3), (8, 2), (8, 1)], [(18, 16), (17, 15), (16, 15), (15, 15), (14, 15), (13, 15), (12, 15), (11, 15), (10, 14), (10, 14), (10, 14), (10, 14), (10, 14), (10, 14), (10, 14), (10, 14), (10, 14), (10, 14), (10, 14), (10, 14), (10, 14), (10, 14), (10, 14), (10, 14), (10, 14), (10, 14), (10, 14), (10, 14), (10, 14), (10, 14), (10, 14), (10, 14), (10, 14), (10, 14), (10, 14), (10, 14), (9, 13), (8, 12), (7, 11), (6, 10), (5, 9), (4, 8), (3, 7)], [(8, 27), (8, 26), (8, 25), (8, 24), (8, 23), (8, 22), (8, 21), (8, 20), (8, 19), (8, 18), (8, 17), (8, 16), (8, 15), (8, 14), (8, 13), (8, 12), (8, 11), (8, 10), (8, 9), (8, 8), (8, 7), (8, 6), (8, 5), (8, 4), (8, 3)]]
Numero di agenti: 3


Agent 0
Path: [(8, 23), (8, 22), (8, 21), (8, 20), (8, 19), (8, 18), (8, 17), (8, 16), (8, 15), (8, 14), (8, 13), (8, 12), (8, 11), (8, 10), (8, 9), (8, 8), (8, 7), (8, 6), (8, 5), (8, 4), (8, 3), (8, 2), (8, 1)]
Path length: 23

Agent 1
Path: [(18, 16), (17, 15), (16, 15), (15, 15), (14, 15), (13, 15), (12, 15), (11, 15), (10, 14), (10, 14), (10, 14), (10, 14), (10, 14), (10, 14), (10, 14), (10, 14), (10, 14), (10, 14), (10, 14), (10, 14), (10, 14), (10, 14), (10, 14), (10, 14), (10, 14), (10, 14), (10, 14), (10, 14), (10, 14), (10, 14), (10, 14), (10, 14), (10, 14), (10, 14), (10, 14), (10, 14), (9, 13), (8, 12), (7, 11), (6, 10), (5, 9), (4, 8), (3, 7)]
Path length: 43

Agent 2
Path: [(8, 27), (8, 26), (8, 25), (8, 24), (8, 23), (8, 22), (8, 21), (8, 20), (8, 19), (8, 18), (8, 17), (8, 16), (8, 15), (8, 14), (8, 13), (8, 12), (8, 11), (8, 10), (8, 9), (8, 8), (8, 7), (8, 6), (8, 5), (8, 4), (8, 3)]
Path length: 25


Init: [8, 13]
Goal: [2, 18]
Max: 1400

Path: [(8, 13), (7, 13), (6, 14), (5, 15), (4, 16), (3, 17), (2, 18)]
Mosse wait: 0
Cost to reach the goal: 8.071067811865476

Time: 0.0
Current occupied memory: 112
Peak occupied memory: 13232


Grid height: 30
Grid width: 20
Traversable cells percentages: 0.8
Agglomeration factor: 0.7

Gli agenti sono stati generati con l'algoritmo ReachGoal
Agents: [[(8, 23), (8, 22), (8, 21), (8, 20), (8, 19), (8, 18), (8, 17), (8, 16), (8, 15), (8, 14), (8, 13), (8, 12), (8, 11), (8, 10), (8, 9), (8, 8), (8, 7), (8, 6), (8, 5), (8, 4), (8, 3), (8, 2), (8, 1)], [(18, 16), (17, 15), (16, 15), (15, 15), (14, 15), (13, 15), (12, 15), (11, 15), (10, 14), (10, 14), (10, 14), (10, 14), (10, 14), (10, 14), (10, 14), (10, 14), (10, 14), (10, 14), (10, 14), (10, 14), (10, 14), (10, 14), (10, 14), (10, 14), (10, 14), (10, 14), (10, 14), (10, 14), (10, 14), (10, 14), (10, 14), (10, 14), (10, 14), (10, 14), (10, 14), (10, 14), (9, 13), (8, 12), (7, 11), (6, 10), (5, 9), (4, 8), (3, 7)], [(8, 27), (8, 26), (8, 25), (8, 24), (8, 23), (8, 22), (8, 21), (8, 20), (8, 19), (8, 18), (8, 17), (8, 16), (8, 15), (8, 14), (8, 13), (8, 12), (8, 11), (8, 10), (8, 9), (8, 8), (8, 7), (8, 6), (8, 5), (8, 4), (8, 3)]]
Numero di agenti: 3


Agent 0
Path: [(8, 23), (8, 22), (8, 21), (8, 20), (8, 19), (8, 18), (8, 17), (8, 16), (8, 15), (8, 14), (8, 13), (8, 12), (8, 11), (8, 10), (8, 9), (8, 8), (8, 7), (8, 6), (8, 5), (8, 4), (8, 3), (8, 2), (8, 1)]
Path length: 23

Agent 1
Path: [(18, 16), (17, 15), (16, 15), (15, 15), (14, 15), (13, 15), (12, 15), (11, 15), (10, 14), (10, 14), (10, 14), (10, 14), (10, 14), (10, 14), (10, 14), (10, 14), (10, 14), (10, 14), (10, 14), (10, 14), (10, 14), (10, 14), (10, 14), (10, 14), (10, 14), (10, 14), (10, 14), (10, 14), (10, 14), (10, 14), (10, 14), (10, 14), (10, 14), (10, 14), (10, 14), (10, 14), (9, 13), (8, 12), (7, 11), (6, 10), (5, 9), (4, 8), (3, 7)]
Path length: 43

Agent 2
Path: [(8, 27), (8, 26), (8, 25), (8, 24), (8, 23), (8, 22), (8, 21), (8, 20), (8, 19), (8, 18), (8, 17), (8, 16), (8, 15), (8, 14), (8, 13), (8, 12), (8, 11), (8, 10), (8, 9), (8, 8), (8, 7), (8, 6), (8, 5), (8, 4), (8, 3)]
Path length: 25


Init: [8, 13]
Goal: [2, 18]
Max: 1500

Path: [(8, 13), (7, 13), (6, 14), (5, 15), (4, 16), (3, 17), (2, 18)]
Mosse wait: 0
Cost to reach the goal: 8.071067811865476

Time: 0.00642085075378418
Current occupied memory: 112
Peak occupied memory: 13232


Grid height: 30
Grid width: 20
Traversable cells percentages: 0.8
Agglomeration factor: 0.7

Gli agenti sono stati generati con l'algoritmo ReachGoal
Agents: [[(8, 23), (8, 22), (8, 21), (8, 20), (8, 19), (8, 18), (8, 17), (8, 16), (8, 15), (8, 14), (8, 13), (8, 12), (8, 11), (8, 10), (8, 9), (8, 8), (8, 7), (8, 6), (8, 5), (8, 4), (8, 3), (8, 2), (8, 1)], [(18, 16), (17, 15), (16, 15), (15, 15), (14, 15), (13, 15), (12, 15), (11, 15), (10, 14), (10, 14), (10, 14), (10, 14), (10, 14), (10, 14), (10, 14), (10, 14), (10, 14), (10, 14), (10, 14), (10, 14), (10, 14), (10, 14), (10, 14), (10, 14), (10, 14), (10, 14), (10, 14), (10, 14), (10, 14), (10, 14), (10, 14), (10, 14), (10, 14), (10, 14), (10, 14), (10, 14), (9, 13), (8, 12), (7, 11), (6, 10), (5, 9), (4, 8), (3, 7)], [(8, 27), (8, 26), (8, 25), (8, 24), (8, 23), (8, 22), (8, 21), (8, 20), (8, 19), (8, 18), (8, 17), (8, 16), (8, 15), (8, 14), (8, 13), (8, 12), (8, 11), (8, 10), (8, 9), (8, 8), (8, 7), (8, 6), (8, 5), (8, 4), (8, 3)]]
Numero di agenti: 3


Agent 0
Path: [(8, 23), (8, 22), (8, 21), (8, 20), (8, 19), (8, 18), (8, 17), (8, 16), (8, 15), (8, 14), (8, 13), (8, 12), (8, 11), (8, 10), (8, 9), (8, 8), (8, 7), (8, 6), (8, 5), (8, 4), (8, 3), (8, 2), (8, 1)]
Path length: 23

Agent 1
Path: [(18, 16), (17, 15), (16, 15), (15, 15), (14, 15), (13, 15), (12, 15), (11, 15), (10, 14), (10, 14), (10, 14), (10, 14), (10, 14), (10, 14), (10, 14), (10, 14), (10, 14), (10, 14), (10, 14), (10, 14), (10, 14), (10, 14), (10, 14), (10, 14), (10, 14), (10, 14), (10, 14), (10, 14), (10, 14), (10, 14), (10, 14), (10, 14), (10, 14), (10, 14), (10, 14), (10, 14), (9, 13), (8, 12), (7, 11), (6, 10), (5, 9), (4, 8), (3, 7)]
Path length: 43

Agent 2
Path: [(8, 27), (8, 26), (8, 25), (8, 24), (8, 23), (8, 22), (8, 21), (8, 20), (8, 19), (8, 18), (8, 17), (8, 16), (8, 15), (8, 14), (8, 13), (8, 12), (8, 11), (8, 10), (8, 9), (8, 8), (8, 7), (8, 6), (8, 5), (8, 4), (8, 3)]
Path length: 25


Init: [8, 13]
Goal: [2, 18]
Max: 1600

Path: [(8, 13), (7, 13), (6, 14), (5, 15), (4, 16), (3, 17), (2, 18)]
Mosse wait: 0
Cost to reach the goal: 8.071067811865476

Time: 0.006037473678588867
Current occupied memory: 112
Peak occupied memory: 13232


Grid height: 30
Grid width: 20
Traversable cells percentages: 0.8
Agglomeration factor: 0.7

Gli agenti sono stati generati con l'algoritmo ReachGoal
Agents: [[(8, 23), (8, 22), (8, 21), (8, 20), (8, 19), (8, 18), (8, 17), (8, 16), (8, 15), (8, 14), (8, 13), (8, 12), (8, 11), (8, 10), (8, 9), (8, 8), (8, 7), (8, 6), (8, 5), (8, 4), (8, 3), (8, 2), (8, 1)], [(18, 16), (17, 15), (16, 15), (15, 15), (14, 15), (13, 15), (12, 15), (11, 15), (10, 14), (10, 14), (10, 14), (10, 14), (10, 14), (10, 14), (10, 14), (10, 14), (10, 14), (10, 14), (10, 14), (10, 14), (10, 14), (10, 14), (10, 14), (10, 14), (10, 14), (10, 14), (10, 14), (10, 14), (10, 14), (10, 14), (10, 14), (10, 14), (10, 14), (10, 14), (10, 14), (10, 14), (9, 13), (8, 12), (7, 11), (6, 10), (5, 9), (4, 8), (3, 7)], [(8, 27), (8, 26), (8, 25), (8, 24), (8, 23), (8, 22), (8, 21), (8, 20), (8, 19), (8, 18), (8, 17), (8, 16), (8, 15), (8, 14), (8, 13), (8, 12), (8, 11), (8, 10), (8, 9), (8, 8), (8, 7), (8, 6), (8, 5), (8, 4), (8, 3)]]
Numero di agenti: 3


Agent 0
Path: [(8, 23), (8, 22), (8, 21), (8, 20), (8, 19), (8, 18), (8, 17), (8, 16), (8, 15), (8, 14), (8, 13), (8, 12), (8, 11), (8, 10), (8, 9), (8, 8), (8, 7), (8, 6), (8, 5), (8, 4), (8, 3), (8, 2), (8, 1)]
Path length: 23

Agent 1
Path: [(18, 16), (17, 15), (16, 15), (15, 15), (14, 15), (13, 15), (12, 15), (11, 15), (10, 14), (10, 14), (10, 14), (10, 14), (10, 14), (10, 14), (10, 14), (10, 14), (10, 14), (10, 14), (10, 14), (10, 14), (10, 14), (10, 14), (10, 14), (10, 14), (10, 14), (10, 14), (10, 14), (10, 14), (10, 14), (10, 14), (10, 14), (10, 14), (10, 14), (10, 14), (10, 14), (10, 14), (9, 13), (8, 12), (7, 11), (6, 10), (5, 9), (4, 8), (3, 7)]
Path length: 43

Agent 2
Path: [(8, 27), (8, 26), (8, 25), (8, 24), (8, 23), (8, 22), (8, 21), (8, 20), (8, 19), (8, 18), (8, 17), (8, 16), (8, 15), (8, 14), (8, 13), (8, 12), (8, 11), (8, 10), (8, 9), (8, 8), (8, 7), (8, 6), (8, 5), (8, 4), (8, 3)]
Path length: 25


Init: [8, 13]
Goal: [2, 18]
Max: 1700

Path: [(8, 13), (7, 13), (6, 14), (5, 15), (4, 16), (3, 17), (2, 18)]
Mosse wait: 0
Cost to reach the goal: 8.071067811865476

Time: 0.005417346954345703
Current occupied memory: 112
Peak occupied memory: 13232


Grid height: 30
Grid width: 20
Traversable cells percentages: 0.8
Agglomeration factor: 0.7

Gli agenti sono stati generati con l'algoritmo ReachGoal
Agents: [[(8, 23), (8, 22), (8, 21), (8, 20), (8, 19), (8, 18), (8, 17), (8, 16), (8, 15), (8, 14), (8, 13), (8, 12), (8, 11), (8, 10), (8, 9), (8, 8), (8, 7), (8, 6), (8, 5), (8, 4), (8, 3), (8, 2), (8, 1)], [(18, 16), (17, 15), (16, 15), (15, 15), (14, 15), (13, 15), (12, 15), (11, 15), (10, 14), (10, 14), (10, 14), (10, 14), (10, 14), (10, 14), (10, 14), (10, 14), (10, 14), (10, 14), (10, 14), (10, 14), (10, 14), (10, 14), (10, 14), (10, 14), (10, 14), (10, 14), (10, 14), (10, 14), (10, 14), (10, 14), (10, 14), (10, 14), (10, 14), (10, 14), (10, 14), (10, 14), (9, 13), (8, 12), (7, 11), (6, 10), (5, 9), (4, 8), (3, 7)], [(8, 27), (8, 26), (8, 25), (8, 24), (8, 23), (8, 22), (8, 21), (8, 20), (8, 19), (8, 18), (8, 17), (8, 16), (8, 15), (8, 14), (8, 13), (8, 12), (8, 11), (8, 10), (8, 9), (8, 8), (8, 7), (8, 6), (8, 5), (8, 4), (8, 3)]]
Numero di agenti: 3


Agent 0
Path: [(8, 23), (8, 22), (8, 21), (8, 20), (8, 19), (8, 18), (8, 17), (8, 16), (8, 15), (8, 14), (8, 13), (8, 12), (8, 11), (8, 10), (8, 9), (8, 8), (8, 7), (8, 6), (8, 5), (8, 4), (8, 3), (8, 2), (8, 1)]
Path length: 23

Agent 1
Path: [(18, 16), (17, 15), (16, 15), (15, 15), (14, 15), (13, 15), (12, 15), (11, 15), (10, 14), (10, 14), (10, 14), (10, 14), (10, 14), (10, 14), (10, 14), (10, 14), (10, 14), (10, 14), (10, 14), (10, 14), (10, 14), (10, 14), (10, 14), (10, 14), (10, 14), (10, 14), (10, 14), (10, 14), (10, 14), (10, 14), (10, 14), (10, 14), (10, 14), (10, 14), (10, 14), (10, 14), (9, 13), (8, 12), (7, 11), (6, 10), (5, 9), (4, 8), (3, 7)]
Path length: 43

Agent 2
Path: [(8, 27), (8, 26), (8, 25), (8, 24), (8, 23), (8, 22), (8, 21), (8, 20), (8, 19), (8, 18), (8, 17), (8, 16), (8, 15), (8, 14), (8, 13), (8, 12), (8, 11), (8, 10), (8, 9), (8, 8), (8, 7), (8, 6), (8, 5), (8, 4), (8, 3)]
Path length: 25


Init: [8, 13]
Goal: [2, 18]
Max: 1800

Path: [(8, 13), (7, 13), (6, 14), (5, 15), (4, 16), (3, 17), (2, 18)]
Mosse wait: 0
Cost to reach the goal: 8.071067811865476

Time: 0.0
Current occupied memory: 112
Peak occupied memory: 13232