


Grid height: 100
Grid width: 50
Traversable cells percentages: 0.8
Agglomeration factor: 0.7

Gli agenti sono stati generati con l'algoritmo ReachGoal
Agents: [[(8, 23), (8, 22), (8, 21), (8, 20), (8, 19), (8, 18), (8, 17), (8, 16), (8, 15), (8, 14), (8, 13), (8, 12), (8, 11), (8, 10), (8, 9), (8, 8), (8, 7), (8, 6), (8, 5), (8, 4), (8, 3), (8, 2), (8, 1)], [(18, 16), (17, 15), (16, 15), (15, 15), (14, 15), (13, 15), (12, 15), (11, 15), (10, 14), (10, 14), (10, 14), (10, 14), (10, 14), (10, 14), (10, 14), (10, 14), (10, 14), (10, 14), (10, 14), (10, 14), (10, 14), (10, 14), (10, 14), (10, 14), (10, 14), (10, 14), (10, 14), (10, 14), (10, 14), (10, 14), (10, 14), (10, 14), (10, 14), (10, 14), (10, 14), (10, 14), (9, 13), (8, 12), (7, 11), (6, 10), (5, 9), (4, 8), (3, 7)], [(8, 27), (8, 26), (8, 25), (8, 24), (8, 23), (8, 22), (8, 21), (8, 20), (8, 19), (8, 18), (8, 17), (8, 16), (8, 15), (8, 14), (8, 13), (8, 12), (8, 11), (8, 10), (8, 9), (8, 8), (8, 7), (8, 6), (8, 5), (8, 4), (8, 3)]]
Numero di agenti: 3


Agent 0
Path: [(8, 23), (8, 22), (8, 21), (8, 20), (8, 19), (8, 18), (8, 17), (8, 16), (8, 15), (8, 14), (8, 13), (8, 12), (8, 11), (8, 10), (8, 9), (8, 8), (8, 7), (8, 6), (8, 5), (8, 4), (8, 3), (8, 2), (8, 1)]
Path length: 23

Agent 1
Path: [(18, 16), (17, 15), (16, 15), (15, 15), (14, 15), (13, 15), (12, 15), (11, 15), (10, 14), (10, 14), (10, 14), (10, 14), (10, 14), (10, 14), (10, 14), (10, 14), (10, 14), (10, 14), (10, 14), (10, 14), (10, 14), (10, 14), (10, 14), (10, 14), (10, 14), (10, 14), (10, 14), (10, 14), (10, 14), (10, 14), (10, 14), (10, 14), (10, 14), (10, 14), (10, 14), (10, 14), (9, 13), (8, 12), (7, 11), (6, 10), (5, 9), (4, 8), (3, 7)]
Path length: 43

Agent 2
Path: [(8, 27), (8, 26), (8, 25), (8, 24), (8, 23), (8, 22), (8, 21), (8, 20), (8, 19), (8, 18), (8, 17), (8, 16), (8, 15), (8, 14), (8, 13), (8, 12), (8, 11), (8, 10), (8, 9), (8, 8), (8, 7), (8, 6), (8, 5), (8, 4), (8, 3)]
Path length: 25


Init: [8, 13]
Goal: [2, 18]
Max: 100

Path: [(8, 13), (7, 13), (6, 14), (5, 15), (4, 16), (3, 17), (2, 18)]
Mosse wait: 0
Cost to reach the goal: 8.071067811865476

Time: 0.0053882598876953125
Current occupied memory: 112
Peak occupied memory: 13416


Grid height: 100
Grid width: 50
Traversable cells percentages: 0.8
Agglomeration factor: 0.7

Gli agenti sono stati generati con l'algoritmo ReachGoal
Agents: [[(8, 23), (8, 22), (8, 21), (8, 20), (8, 19), (8, 18), (8, 17), (8, 16), (8, 15), (8, 14), (8, 13), (8, 12), (8, 11), (8, 10), (8, 9), (8, 8), (8, 7), (8, 6), (8, 5), (8, 4), (8, 3), (8, 2), (8, 1)], [(18, 16), (17, 15), (16, 15), (15, 15), (14, 15), (13, 15), (12, 15), (11, 15), (10, 14), (10, 14), (10, 14), (10, 14), (10, 14), (10, 14), (10, 14), (10, 14), (10, 14), (10, 14), (10, 14), (10, 14), (10, 14), (10, 14), (10, 14), (10, 14), (10, 14), (10, 14), (10, 14), (10, 14), (10, 14), (10, 14), (10, 14), (10, 14), (10, 14), (10, 14), (10, 14), (10, 14), (9, 13), (8, 12), (7, 11), (6, 10), (5, 9), (4, 8), (3, 7)], [(8, 27), (8, 26), (8, 25), (8, 24), (8, 23), (8, 22), (8, 21), (8, 20), (8, 19), (8, 18), (8, 17), (8, 16), (8, 15), (8, 14), (8, 13), (8, 12), (8, 11), (8, 10), (8, 9), (8, 8), (8, 7), (8, 6), (8, 5), (8, 4), (8, 3)]]
Numero di agenti: 3


Agent 0
Path: [(8, 23), (8, 22), (8, 21), (8, 20), (8, 19), (8, 18), (8, 17), (8, 16), (8, 15), (8, 14), (8, 13), (8, 12), (8, 11), (8, 10), (8, 9), (8, 8), (8, 7), (8, 6), (8, 5), (8, 4), (8, 3), (8, 2), (8, 1)]
Path length: 23

Agent 1
Path: [(18, 16), (17, 15), (16, 15), (15, 15), (14, 15), (13, 15), (12, 15), (11, 15), (10, 14), (10, 14), (10, 14), (10, 14), (10, 14), (10, 14), (10, 14), (10, 14), (10, 14), (10, 14), (10, 14), (10, 14), (10, 14), (10, 14), (10, 14), (10, 14), (10, 14), (10, 14), (10, 14), (10, 14), (10, 14), (10, 14), (10, 14), (10, 14), (10, 14), (10, 14), (10, 14), (10, 14), (9, 13), (8, 12), (7, 11), (6, 10), (5, 9), (4, 8), (3, 7)]
Path length: 43

Agent 2
Path: [(8, 27), (8, 26), (8, 25), (8, 24), (8, 23), (8, 22), (8, 21), (8, 20), (8, 19), (8, 18), (8, 17), (8, 16), (8, 15), (8, 14), (8, 13), (8, 12), (8, 11), (8, 10), (8, 9), (8, 8), (8, 7), (8, 6), (8, 5), (8, 4), (8, 3)]
Path length: 25


Init: [8, 13]
Goal: [2, 18]
Max: 200

Path: [(8, 13), (7, 13), (6, 14), (5, 15), (4, 16), (3, 17), (2, 18)]
Mosse wait: 0
Cost to reach the goal: 8.071067811865476

Time: 0.013164281845092773
Current occupied memory: 112
Peak occupied memory: 13232


Grid height: 100
Grid width: 50
Traversable cells percentages: 0.8
Agglomeration factor: 0.7

Gli agenti sono stati generati con l'algoritmo ReachGoal
Agents: [[(45, 36), (44, 37), (43, 38), (42, 39), (41, 40), (40, 41), (40, 42), (40, 43), (40, 44), (40, 45), (40, 46), (40, 47), (40, 48), (40, 49), (40, 50), (40, 51), (40, 52), (40, 53), (40, 54), (40, 55), (40, 56), (40, 57), (40, 58), (40, 59), (40, 60), (40, 61)], [(42, 6), (42, 7), (42, 8), (42, 9), (42, 10), (42, 11), (42, 12), (42, 13), (42, 14), (42, 15), (42, 16), (42, 17), (41, 18), (40, 19), (40, 19), (40, 19), (40, 19), (40, 19), (40, 19), (40, 19), (40, 19), (40, 19), (40, 19), (40, 19), (40, 19), (40, 19), (40, 19), (40, 19), (40, 19), (40, 19), (40, 19), (40, 19), (40, 19), (40, 19), (40, 19), (40, 19), (40, 19), (40, 19), (40, 19), (40, 19), (40, 19), (40, 19), (40, 19), (40, 19), (40, 19), (40, 19), (40, 19), (40, 19), (40, 19), (40, 19), (40, 19), (40, 19), (40, 19), (40, 19), (40, 19), (40, 19), (40, 19), (40, 19), (40, 19), (40, 19), (40, 19), (40, 19), (40, 19), (40, 19), (40, 19), (40, 19), (40, 19), (40, 19), (40, 19), (40, 19), (40, 19), (40, 19), (40, 19), (40, 19), (40, 19), (40, 19), (40, 19), (40, 19), (40, 19), (40, 19), (40, 19), (40, 19), (40, 19), (40, 19), (40, 19), (40, 19), (40, 19), (40, 19), (40, 19), (40, 19), (40, 19), (40, 19), (40, 19), (40, 19), (40, 19), (40, 19), (40, 19), (40, 19), (40, 19), (40, 19), (40, 19), (40, 19), (40, 19), (40, 19), (39, 20), (39, 21), (39, 22), (39, 23), (39, 24), (39, 25), (39, 26), (39, 27), (39, 28), (39, 29), (39, 30), (39, 31), (39, 32), (39, 33)], [(42, 6), (41, 7), (40, 8), (39, 9), (39, 10), (39, 11), (39, 12), (39, 13), (39, 14), (39, 15), (39, 16), (39, 17), (39, 18), (39, 19), (39, 20), (39, 21), (39, 22), (39, 23), (39, 24), (39, 25), (39, 26), (39, 27), (39, 28), (39, 29), (39, 30), (39, 31), (39, 32), (39, 33)]]
Numero di agenti: 3


Agent 0
Path: [(45, 36), (44, 37), (43, 38), (42, 39), (41, 40), (40, 41), (40, 42), (40, 43), (40, 44), (40, 45), (40, 46), (40, 47), (40, 48), (40, 49), (40, 50), (40, 51), (40, 52), (40, 53), (40, 54), (40, 55), (40, 56), (40, 57), (40, 58), (40, 59), (40, 60), (40, 61)]
Path length: 26

Agent 1
Path: [(42, 6), (42, 7), (42, 8), (42, 9), (42, 10), (42, 11), (42, 12), (42, 13), (42, 14), (42, 15), (42, 16), (42, 17), (41, 18), (40, 19), (40, 19), (40, 19), (40, 19), (40, 19), (40, 19), (40, 19), (40, 19), (40, 19), (40, 19), (40, 19), (40, 19), (40, 19), (40, 19), (40, 19), (40, 19), (40, 19), (40, 19), (40, 19), (40, 19), (40, 19), (40, 19), (40, 19), (40, 19), (40, 19), (40, 19), (40, 19), (40, 19), (40, 19), (40, 19), (40, 19), (40, 19), (40, 19), (40, 19), (40, 19), (40, 19), (40, 19), (40, 19), (40, 19), (40, 19), (40, 19), (40, 19), (40, 19), (40, 19), (40, 19), (40, 19), (40, 19), (40, 19), (40, 19), (40, 19), (40, 19), (40, 19), (40, 19), (40, 19), (40, 19), (40, 19), (40, 19), (40, 19), (40, 19), (40, 19), (40, 19), (40, 19), (40, 19), (40, 19), (40, 19), (40, 19), (40, 19), (40, 19), (40, 19), (40, 19), (40, 19), (40, 19), (40, 19), (40, 19), (40, 19), (40, 19), (40, 19), (40, 19), (40, 19), (40, 19), (40, 19), (40, 19), (40, 19), (40, 19), (40, 19), (40, 19), (40, 19), (40, 19), (40, 19), (40, 19), (40, 19), (39, 20), (39, 21), (39, 22), (39, 23), (39, 24), (39, 25), (39, 26), (39, 27), (39, 28), (39, 29), (39, 30), (39, 31), (39, 32), (39, 33)]
Path length: 118

Agent 2
Path: [(42, 6), (41, 7), (40, 8), (39, 9), (39, 10), (39, 11), (39, 12), (39, 13), (39, 14), (39, 15), (39, 16), (39, 17), (39, 18), (39, 19), (39, 20), (39, 21), (39, 22), (39, 23), (39, 24), (39, 25), (39, 26), (39, 27), (39, 28), (39, 29), (39, 30), (39, 31), (39, 32), (39, 33)]
Path length: 28


Init: [15, 52]
Goal: [3, 69]
Max: 300

Failure

Time: 3.721142053604126
Current occupied memory: 90928
Peak occupied memory: 960056


Grid height: 100
Grid width: 50
Traversable cells percentages: 0.8
Agglomeration factor: 0.7

Gli agenti sono stati generati con l'algoritmo ReachGoal
Agents: [[(45, 36), (44, 37), (43, 38), (42, 39), (41, 40), (40, 41), (40, 42), (40, 43), (40, 44), (40, 45), (40, 46), (40, 47), (40, 48), (40, 49), (40, 50), (40, 51), (40, 52), (40, 53), (40, 54), (40, 55), (40, 56), (40, 57), (40, 58), (40, 59), (40, 60), (40, 61)], [(42, 6), (42, 7), (42, 8), (42, 9), (42, 10), (42, 11), (42, 12), (42, 13), (42, 14), (42, 15), (42, 16), (42, 17), (41, 18), (40, 19), (40, 19), (40, 19), (40, 19), (40, 19), (40, 19), (40, 19), (40, 19), (40, 19), (40, 19), (40, 19), (40, 19), (40, 19), (40, 19), (40, 19), (40, 19), (40, 19), (40, 19), (40, 19), (40, 19), (40, 19), (40, 19), (40, 19), (40, 19), (40, 19), (40, 19), (40, 19), (40, 19), (40, 19), (40, 19), (40, 19), (40, 19), (40, 19), (40, 19), (40, 19), (40, 19), (40, 19), (40, 19), (40, 19), (40, 19), (40, 19), (40, 19), (40, 19), (40, 19), (40, 19), (40, 19), (40, 19), (40, 19), (40, 19), (40, 19), (40, 19), (40, 19), (40, 19), (40, 19), (40, 19), (40, 19), (40, 19), (40, 19), (40, 19), (40, 19), (40, 19), (40, 19), (40, 19), (40, 19), (40, 19), (40, 19), (40, 19), (40, 19), (40, 19), (40, 19), (40, 19), (40, 19), (40, 19), (40, 19), (40, 19), (40, 19), (40, 19), (40, 19), (40, 19), (40, 19), (40, 19), (40, 19), (40, 19), (40, 19), (40, 19), (40, 19), (40, 19), (40, 19), (40, 19), (40, 19), (40, 19), (39, 20), (39, 21), (39, 22), (39, 23), (39, 24), (39, 25), (39, 26), (39, 27), (39, 28), (39, 29), (39, 30), (39, 31), (39, 32), (39, 33)], [(42, 6), (41, 7), (40, 8), (39, 9), (39, 10), (39, 11), (39, 12), (39, 13), (39, 14), (39, 15), (39, 16), (39, 17), (39, 18), (39, 19), (39, 20), (39, 21), (39, 22), (39, 23), (39, 24), (39, 25), (39, 26), (39, 27), (39, 28), (39, 29), (39, 30), (39, 31), (39, 32), (39, 33)]]
Numero di agenti: 3


Agent 0
Path: [(45, 36), (44, 37), (43, 38), (42, 39), (41, 40), (40, 41), (40, 42), (40, 43), (40, 44), (40, 45), (40, 46), (40, 47), (40, 48), (40, 49), (40, 50), (40, 51), (40, 52), (40, 53), (40, 54), (40, 55), (40, 56), (40, 57), (40, 58), (40, 59), (40, 60), (40, 61)]
Path length: 26

Agent 1
Path: [(42, 6), (42, 7), (42, 8), (42, 9), (42, 10), (42, 11), (42, 12), (42, 13), (42, 14), (42, 15), (42, 16), (42, 17), (41, 18), (40, 19), (40, 19), (40, 19), (40, 19), (40, 19), (40, 19), (40, 19), (40, 19), (40, 19), (40, 19), (40, 19), (40, 19), (40, 19), (40, 19), (40, 19), (40, 19), (40, 19), (40, 19), (40, 19), (40, 19), (40, 19), (40, 19), (40, 19), (40, 19), (40, 19), (40, 19), (40, 19), (40, 19), (40, 19), (40, 19), (40, 19), (40, 19), (40, 19), (40, 19), (40, 19), (40, 19), (40, 19), (40, 19), (40, 19), (40, 19), (40, 19), (40, 19), (40, 19), (40, 19), (40, 19), (40, 19), (40, 19), (40, 19), (40, 19), (40, 19), (40, 19), (40, 19), (40, 19), (40, 19), (40, 19), (40, 19), (40, 19), (40, 19), (40, 19), (40, 19), (40, 19), (40, 19), (40, 19), (40, 19), (40, 19), (40, 19), (40, 19), (40, 19), (40, 19), (40, 19), (40, 19), (40, 19), (40, 19), (40, 19), (40, 19), (40, 19), (40, 19), (40, 19), (40, 19), (40, 19), (40, 19), (40, 19), (40, 19), (40, 19), (40, 19), (40, 19), (40, 19), (40, 19), (40, 19), (40, 19), (40, 19), (39, 20), (39, 21), (39, 22), (39, 23), (39, 24), (39, 25), (39, 26), (39, 27), (39, 28), (39, 29), (39, 30), (39, 31), (39, 32), (39, 33)]
Path length: 118

Agent 2
Path: [(42, 6), (41, 7), (40, 8), (39, 9), (39, 10), (39, 11), (39, 12), (39, 13), (39, 14), (39, 15), (39, 16), (39, 17), (39, 18), (39, 19), (39, 20), (39, 21), (39, 22), (39, 23), (39, 24), (39, 25), (39, 26), (39, 27), (39, 28), (39, 29), (39, 30), (39, 31), (39, 32), (39, 33)]
Path length: 28


Init: [15, 52]
Goal: [3, 69]
Max: 400

Failure

Time: 7.65802001953125
Current occupied memory: 90928
Peak occupied memory: 1417192


Grid height: 100
Grid width: 50
Traversable cells percentages: 0.8
Agglomeration factor: 0.7

Gli agenti sono stati generati con l'algoritmo ReachGoal
Agents: [[(45, 36), (44, 37), (43, 38), (42, 39), (41, 40), (40, 41), (40, 42), (40, 43), (40, 44), (40, 45), (40, 46), (40, 47), (40, 48), (40, 49), (40, 50), (40, 51), (40, 52), (40, 53), (40, 54), (40, 55), (40, 56), (40, 57), (40, 58), (40, 59), (40, 60), (40, 61)], [(42, 6), (42, 7), (42, 8), (42, 9), (42, 10), (42, 11), (42, 12), (42, 13), (42, 14), (42, 15), (42, 16), (42, 17), (41, 18), (40, 19), (40, 19), (40, 19), (40, 19), (40, 19), (40, 19), (40, 19), (40, 19), (40, 19), (40, 19), (40, 19), (40, 19), (40, 19), (40, 19), (40, 19), (40, 19), (40, 19), (40, 19), (40, 19), (40, 19), (40, 19), (40, 19), (40, 19), (40, 19), (40, 19), (40, 19), (40, 19), (40, 19), (40, 19), (40, 19), (40, 19), (40, 19), (40, 19), (40, 19), (40, 19), (40, 19), (40, 19), (40, 19), (40, 19), (40, 19), (40, 19), (40, 19), (40, 19), (40, 19), (40, 19), (40, 19), (40, 19), (40, 19), (40, 19), (40, 19), (40, 19), (40, 19), (40, 19), (40, 19), (40, 19), (40, 19), (40, 19), (40, 19), (40, 19), (40, 19), (40, 19), (40, 19), (40, 19), (40, 19), (40, 19), (40, 19), (40, 19), (40, 19), (40, 19), (40, 19), (40, 19), (40, 19), (40, 19), (40, 19), (40, 19), (40, 19), (40, 19), (40, 19), (40, 19), (40, 19), (40, 19), (40, 19), (40, 19), (40, 19), (40, 19), (40, 19), (40, 19), (40, 19), (40, 19), (40, 19), (40, 19), (39, 20), (39, 21), (39, 22), (39, 23), (39, 24), (39, 25), (39, 26), (39, 27), (39, 28), (39, 29), (39, 30), (39, 31), (39, 32), (39, 33)], [(42, 6), (41, 7), (40, 8), (39, 9), (39, 10), (39, 11), (39, 12), (39, 13), (39, 14), (39, 15), (39, 16), (39, 17), (39, 18), (39, 19), (39, 20), (39, 21), (39, 22), (39, 23), (39, 24), (39, 25), (39, 26), (39, 27), (39, 28), (39, 29), (39, 30), (39, 31), (39, 32), (39, 33)]]
Numero di agenti: 3


Agent 0
Path: [(45, 36), (44, 37), (43, 38), (42, 39), (41, 40), (40, 41), (40, 42), (40, 43), (40, 44), (40, 45), (40, 46), (40, 47), (40, 48), (40, 49), (40, 50), (40, 51), (40, 52), (40, 53), (40, 54), (40, 55), (40, 56), (40, 57), (40, 58), (40, 59), (40, 60), (40, 61)]
Path length: 26

Agent 1
Path: [(42, 6), (42, 7), (42, 8), (42, 9), (42, 10), (42, 11), (42, 12), (42, 13), (42, 14), (42, 15), (42, 16), (42, 17), (41, 18), (40, 19), (40, 19), (40, 19), (40, 19), (40, 19), (40, 19), (40, 19), (40, 19), (40, 19), (40, 19), (40, 19), (40, 19), (40, 19), (40, 19), (40, 19), (40, 19), (40, 19), (40, 19), (40, 19), (40, 19), (40, 19), (40, 19), (40, 19), (40, 19), (40, 19), (40, 19), (40, 19), (40, 19), (40, 19), (40, 19), (40, 19), (40, 19), (40, 19), (40, 19), (40, 19), (40, 19), (40, 19), (40, 19), (40, 19), (40, 19), (40, 19), (40, 19), (40, 19), (40, 19), (40, 19), (40, 19), (40, 19), (40, 19), (40, 19), (40, 19), (40, 19), (40, 19), (40, 19), (40, 19), (40, 19), (40, 19), (40, 19), (40, 19), (40, 19), (40, 19), (40, 19), (40, 19), (40, 19), (40, 19), (40, 19), (40, 19), (40, 19), (40, 19), (40, 19), (40, 19), (40, 19), (40, 19), (40, 19), (40, 19), (40, 19), (40, 19), (40, 19), (40, 19), (40, 19), (40, 19), (40, 19), (40, 19), (40, 19), (40, 19), (40, 19), (40, 19), (40, 19), (40, 19), (40, 19), (40, 19), (40, 19), (39, 20), (39, 21), (39, 22), (39, 23), (39, 24), (39, 25), (39, 26), (39, 27), (39, 28), (39, 29), (39, 30), (39, 31), (39, 32), (39, 33)]
Path length: 118

Agent 2
Path: [(42, 6), (41, 7), (40, 8), (39, 9), (39, 10), (39, 11), (39, 12), (39, 13), (39, 14), (39, 15), (39, 16), (39, 17), (39, 18), (39, 19), (39, 20), (39, 21), (39, 22), (39, 23), (39, 24), (39, 25), (39, 26), (39, 27), (39, 28), (39, 29), (39, 30), (39, 31), (39, 32), (39, 33)]
Path length: 28


Init: [15, 52]
Goal: [3, 69]
Max: 500

Failure

Time: 11.386920928955078
Current occupied memory: 90928
Peak occupied memory: 1728168


Grid height: 100
Grid width: 50
Traversable cells percentages: 0.8
Agglomeration factor: 0.7

Gli agenti sono stati generati con l'algoritmo ReachGoal
Agents: [[(45, 36), (44, 37), (43, 38), (42, 39), (41, 40), (40, 41), (40, 42), (40, 43), (40, 44), (40, 45), (40, 46), (40, 47), (40, 48), (40, 49), (40, 50), (40, 51), (40, 52), (40, 53), (40, 54), (40, 55), (40, 56), (40, 57), (40, 58), (40, 59), (40, 60), (40, 61)], [(42, 6), (42, 7), (42, 8), (42, 9), (42, 10), (42, 11), (42, 12), (42, 13), (42, 14), (42, 15), (42, 16), (42, 17), (41, 18), (40, 19), (40, 19), (40, 19), (40, 19), (40, 19), (40, 19), (40, 19), (40, 19), (40, 19), (40, 19), (40, 19), (40, 19), (40, 19), (40, 19), (40, 19), (40, 19), (40, 19), (40, 19), (40, 19), (40, 19), (40, 19), (40, 19), (40, 19), (40, 19), (40, 19), (40, 19), (40, 19), (40, 19), (40, 19), (40, 19), (40, 19), (40, 19), (40, 19), (40, 19), (40, 19), (40, 19), (40, 19), (40, 19), (40, 19), (40, 19), (40, 19), (40, 19), (40, 19), (40, 19), (40, 19), (40, 19), (40, 19), (40, 19), (40, 19), (40, 19), (40, 19), (40, 19), (40, 19), (40, 19), (40, 19), (40, 19), (40, 19), (40, 19), (40, 19), (40, 19), (40, 19), (40, 19), (40, 19), (40, 19), (40, 19), (40, 19), (40, 19), (40, 19), (40, 19), (40, 19), (40, 19), (40, 19), (40, 19), (40, 19), (40, 19), (40, 19), (40, 19), (40, 19), (40, 19), (40, 19), (40, 19), (40, 19), (40, 19), (40, 19), (40, 19), (40, 19), (40, 19), (40, 19), (40, 19), (40, 19), (40, 19), (39, 20), (39, 21), (39, 22), (39, 23), (39, 24), (39, 25), (39, 26), (39, 27), (39, 28), (39, 29), (39, 30), (39, 31), (39, 32), (39, 33)], [(42, 6), (41, 7), (40, 8), (39, 9), (39, 10), (39, 11), (39, 12), (39, 13), (39, 14), (39, 15), (39, 16), (39, 17), (39, 18), (39, 19), (39, 20), (39, 21), (39, 22), (39, 23), (39, 24), (39, 25), (39, 26), (39, 27), (39, 28), (39, 29), (39, 30), (39, 31), (39, 32), (39, 33)]]
Numero di agenti: 3


Agent 0
Path: [(45, 36), (44, 37), (43, 38), (42, 39), (41, 40), (40, 41), (40, 42), (40, 43), (40, 44), (40, 45), (40, 46), (40, 47), (40, 48), (40, 49), (40, 50), (40, 51), (40, 52), (40, 53), (40, 54), (40, 55), (40, 56), (40, 57), (40, 58), (40, 59), (40, 60), (40, 61)]
Path length: 26

Agent 1
Path: [(42, 6), (42, 7), (42, 8), (42, 9), (42, 10), (42, 11), (42, 12), (42, 13), (42, 14), (42, 15), (42, 16), (42, 17), (41, 18), (40, 19), (40, 19), (40, 19), (40, 19), (40, 19), (40, 19), (40, 19), (40, 19), (40, 19), (40, 19), (40, 19), (40, 19), (40, 19), (40, 19), (40, 19), (40, 19), (40, 19), (40, 19), (40, 19), (40, 19), (40, 19), (40, 19), (40, 19), (40, 19), (40, 19), (40, 19), (40, 19), (40, 19), (40, 19), (40, 19), (40, 19), (40, 19), (40, 19), (40, 19), (40, 19), (40, 19), (40, 19), (40, 19), (40, 19), (40, 19), (40, 19), (40, 19), (40, 19), (40, 19), (40, 19), (40, 19), (40, 19), (40, 19), (40, 19), (40, 19), (40, 19), (40, 19), (40, 19), (40, 19), (40, 19), (40, 19), (40, 19), (40, 19), (40, 19), (40, 19), (40, 19), (40, 19), (40, 19), (40, 19), (40, 19), (40, 19), (40, 19), (40, 19), (40, 19), (40, 19), (40, 19), (40, 19), (40, 19), (40, 19), (40, 19), (40, 19), (40, 19), (40, 19), (40, 19), (40, 19), (40, 19), (40, 19), (40, 19), (40, 19), (40, 19), (40, 19), (40, 19), (40, 19), (40, 19), (40, 19), (40, 19), (39, 20), (39, 21), (39, 22), (39, 23), (39, 24), (39, 25), (39, 26), (39, 27), (39, 28), (39, 29), (39, 30), (39, 31), (39, 32), (39, 33)]
Path length: 118

Agent 2
Path: [(42, 6), (41, 7), (40, 8), (39, 9), (39, 10), (39, 11), (39, 12), (39, 13), (39, 14), (39, 15), (39, 16), (39, 17), (39, 18), (39, 19), (39, 20), (39, 21), (39, 22), (39, 23), (39, 24), (39, 25), (39, 26), (39, 27), (39, 28), (39, 29), (39, 30), (39, 31), (39, 32), (39, 33)]
Path length: 28


Init: [15, 52]
Goal: [3, 69]
Max: 600

Failure

Time: 19.95369267463684
Current occupied memory: 91008
Peak occupied memory: 2041160


Grid height: 100
Grid width: 50
Traversable cells percentages: 0.8
Agglomeration factor: 0.7

Gli agenti sono stati generati con l'algoritmo ReachGoal
Agents: [[(45, 36), (44, 37), (43, 38), (42, 39), (41, 40), (40, 41), (40, 42), (40, 43), (40, 44), (40, 45), (40, 46), (40, 47), (40, 48), (40, 49), (40, 50), (40, 51), (40, 52), (40, 53), (40, 54), (40, 55), (40, 56), (40, 57), (40, 58), (40, 59), (40, 60), (40, 61)], [(42, 6), (42, 7), (42, 8), (42, 9), (42, 10), (42, 11), (42, 12), (42, 13), (42, 14), (42, 15), (42, 16), (42, 17), (41, 18), (40, 19), (40, 19), (40, 19), (40, 19), (40, 19), (40, 19), (40, 19), (40, 19), (40, 19), (40, 19), (40, 19), (40, 19), (40, 19), (40, 19), (40, 19), (40, 19), (40, 19), (40, 19), (40, 19), (40, 19), (40, 19), (40, 19), (40, 19), (40, 19), (40, 19), (40, 19), (40, 19), (40, 19), (40, 19), (40, 19), (40, 19), (40, 19), (40, 19), (40, 19), (40, 19), (40, 19), (40, 19), (40, 19), (40, 19), (40, 19), (40, 19), (40, 19), (40, 19), (40, 19), (40, 19), (40, 19), (40, 19), (40, 19), (40, 19), (40, 19), (40, 19), (40, 19), (40, 19), (40, 19), (40, 19), (40, 19), (40, 19), (40, 19), (40, 19), (40, 19), (40, 19), (40, 19), (40, 19), (40, 19), (40, 19), (40, 19), (40, 19), (40, 19), (40, 19), (40, 19), (40, 19), (40, 19), (40, 19), (40, 19), (40, 19), (40, 19), (40, 19), (40, 19), (40, 19), (40, 19), (40, 19), (40, 19), (40, 19), (40, 19), (40, 19), (40, 19), (40, 19), (40, 19), (40, 19), (40, 19), (40, 19), (39, 20), (39, 21), (39, 22), (39, 23), (39, 24), (39, 25), (39, 26), (39, 27), (39, 28), (39, 29), (39, 30), (39, 31), (39, 32), (39, 33)], [(42, 6), (41, 7), (40, 8), (39, 9), (39, 10), (39, 11), (39, 12), (39, 13), (39, 14), (39, 15), (39, 16), (39, 17), (39, 18), (39, 19), (39, 20), (39, 21), (39, 22), (39, 23), (39, 24), (39, 25), (39, 26), (39, 27), (39, 28), (39, 29), (39, 30), (39, 31), (39, 32), (39, 33)]]
Numero di agenti: 3


Agent 0
Path: [(45, 36), (44, 37), (43, 38), (42, 39), (41, 40), (40, 41), (40, 42), (40, 43), (40, 44), (40, 45), (40, 46), (40, 47), (40, 48), (40, 49), (40, 50), (40, 51), (40, 52), (40, 53), (40, 54), (40, 55), (40, 56), (40, 57), (40, 58), (40, 59), (40, 60), (40, 61)]
Path length: 26

Agent 1
Path: [(42, 6), (42, 7), (42, 8), (42, 9), (42, 10), (42, 11), (42, 12), (42, 13), (42, 14), (42, 15), (42, 16), (42, 17), (41, 18), (40, 19), (40, 19), (40, 19), (40, 19), (40, 19), (40, 19), (40, 19), (40, 19), (40, 19), (40, 19), (40, 19), (40, 19), (40, 19), (40, 19), (40, 19), (40, 19), (40, 19), (40, 19), (40, 19), (40, 19), (40, 19), (40, 19), (40, 19), (40, 19), (40, 19), (40, 19), (40, 19), (40, 19), (40, 19), (40, 19), (40, 19), (40, 19), (40, 19), (40, 19), (40, 19), (40, 19), (40, 19), (40, 19), (40, 19), (40, 19), (40, 19), (40, 19), (40, 19), (40, 19), (40, 19), (40, 19), (40, 19), (40, 19), (40, 19), (40, 19), (40, 19), (40, 19), (40, 19), (40, 19), (40, 19), (40, 19), (40, 19), (40, 19), (40, 19), (40, 19), (40, 19), (40, 19), (40, 19), (40, 19), (40, 19), (40, 19), (40, 19), (40, 19), (40, 19), (40, 19), (40, 19), (40, 19), (40, 19), (40, 19), (40, 19), (40, 19), (40, 19), (40, 19), (40, 19), (40, 19), (40, 19), (40, 19), (40, 19), (40, 19), (40, 19), (40, 19), (40, 19), (40, 19), (40, 19), (40, 19), (40, 19), (39, 20), (39, 21), (39, 22), (39, 23), (39, 24), (39, 25), (39, 26), (39, 27), (39, 28), (39, 29), (39, 30), (39, 31), (39, 32), (39, 33)]
Path length: 118

Agent 2
Path: [(42, 6), (41, 7), (40, 8), (39, 9), (39, 10), (39, 11), (39, 12), (39, 13), (39, 14), (39, 15), (39, 16), (39, 17), (39, 18), (39, 19), (39, 20), (39, 21), (39, 22), (39, 23), (39, 24), (39, 25), (39, 26), (39, 27), (39, 28), (39, 29), (39, 30), (39, 31), (39, 32), (39, 33)]
Path length: 28


Init: [15, 52]
Goal: [3, 69]
Max: 700

Failure

Time: 26.254486322402954
Current occupied memory: 91120
Peak occupied memory: 2645352


Grid height: 100
Grid width: 50
Traversable cells percentages: 0.8
Agglomeration factor: 0.7

Gli agenti sono stati generati con l'algoritmo ReachGoal
Agents: [[(45, 36), (44, 37), (43, 38), (42, 39), (41, 40), (40, 41), (40, 42), (40, 43), (40, 44), (40, 45), (40, 46), (40, 47), (40, 48), (40, 49), (40, 50), (40, 51), (40, 52), (40, 53), (40, 54), (40, 55), (40, 56), (40, 57), (40, 58), (40, 59), (40, 60), (40, 61)], [(42, 6), (42, 7), (42, 8), (42, 9), (42, 10), (42, 11), (42, 12), (42, 13), (42, 14), (42, 15), (42, 16), (42, 17), (41, 18), (40, 19), (40, 19), (40, 19), (40, 19), (40, 19), (40, 19), (40, 19), (40, 19), (40, 19), (40, 19), (40, 19), (40, 19), (40, 19), (40, 19), (40, 19), (40, 19), (40, 19), (40, 19), (40, 19), (40, 19), (40, 19), (40, 19), (40, 19), (40, 19), (40, 19), (40, 19), (40, 19), (40, 19), (40, 19), (40, 19), (40, 19), (40, 19), (40, 19), (40, 19), (40, 19), (40, 19), (40, 19), (40, 19), (40, 19), (40, 19), (40, 19), (40, 19), (40, 19), (40, 19), (40, 19), (40, 19), (40, 19), (40, 19), (40, 19), (40, 19), (40, 19), (40, 19), (40, 19), (40, 19), (40, 19), (40, 19), (40, 19), (40, 19), (40, 19), (40, 19), (40, 19), (40, 19), (40, 19), (40, 19), (40, 19), (40, 19), (40, 19), (40, 19), (40, 19), (40, 19), (40, 19), (40, 19), (40, 19), (40, 19), (40, 19), (40, 19), (40, 19), (40, 19), (40, 19), (40, 19), (40, 19), (40, 19), (40, 19), (40, 19), (40, 19), (40, 19), (40, 19), (40, 19), (40, 19), (40, 19), (40, 19), (39, 20), (39, 21), (39, 22), (39, 23), (39, 24), (39, 25), (39, 26), (39, 27), (39, 28), (39, 29), (39, 30), (39, 31), (39, 32), (39, 33)], [(42, 6), (41, 7), (40, 8), (39, 9), (39, 10), (39, 11), (39, 12), (39, 13), (39, 14), (39, 15), (39, 16), (39, 17), (39, 18), (39, 19), (39, 20), (39, 21), (39, 22), (39, 23), (39, 24), (39, 25), (39, 26), (39, 27), (39, 28), (39, 29), (39, 30), (39, 31), (39, 32), (39, 33)]]
Numero di agenti: 3


Agent 0
Path: [(45, 36), (44, 37), (43, 38), (42, 39), (41, 40), (40, 41), (40, 42), (40, 43), (40, 44), (40, 45), (40, 46), (40, 47), (40, 48), (40, 49), (40, 50), (40, 51), (40, 52), (40, 53), (40, 54), (40, 55), (40, 56), (40, 57), (40, 58), (40, 59), (40, 60), (40, 61)]
Path length: 26

Agent 1
Path: [(42, 6), (42, 7), (42, 8), (42, 9), (42, 10), (42, 11), (42, 12), (42, 13), (42, 14), (42, 15), (42, 16), (42, 17), (41, 18), (40, 19), (40, 19), (40, 19), (40, 19), (40, 19), (40, 19), (40, 19), (40, 19), (40, 19), (40, 19), (40, 19), (40, 19), (40, 19), (40, 19), (40, 19), (40, 19), (40, 19), (40, 19), (40, 19), (40, 19), (40, 19), (40, 19), (40, 19), (40, 19), (40, 19), (40, 19), (40, 19), (40, 19), (40, 19), (40, 19), (40, 19), (40, 19), (40, 19), (40, 19), (40, 19), (40, 19), (40, 19), (40, 19), (40, 19), (40, 19), (40, 19), (40, 19), (40, 19), (40, 19), (40, 19), (40, 19), (40, 19), (40, 19), (40, 19), (40, 19), (40, 19), (40, 19), (40, 19), (40, 19), (40, 19), (40, 19), (40, 19), (40, 19), (40, 19), (40, 19), (40, 19), (40, 19), (40, 19), (40, 19), (40, 19), (40, 19), (40, 19), (40, 19), (40, 19), (40, 19), (40, 19), (40, 19), (40, 19), (40, 19), (40, 19), (40, 19), (40, 19), (40, 19), (40, 19), (40, 19), (40, 19), (40, 19), (40, 19), (40, 19), (40, 19), (40, 19), (40, 19), (40, 19), (40, 19), (40, 19), (40, 19), (39, 20), (39, 21), (39, 22), (39, 23), (39, 24), (39, 25), (39, 26), (39, 27), (39, 28), (39, 29), (39, 30), (39, 31), (39, 32), (39, 33)]
Path length: 118

Agent 2
Path: [(42, 6), (41, 7), (40, 8), (39, 9), (39, 10), (39, 11), (39, 12), (39, 13), (39, 14), (39, 15), (39, 16), (39, 17), (39, 18), (39, 19), (39, 20), (39, 21), (39, 22), (39, 23), (39, 24), (39, 25), (39, 26), (39, 27), (39, 28), (39, 29), (39, 30), (39, 31), (39, 32), (39, 33)]
Path length: 28


Init: [15, 52]
Goal: [3, 69]
Max: 800

Failure

Time: 33.58166790008545
Current occupied memory: 91120
Peak occupied memory: 2955272


Grid height: 100
Grid width: 50
Traversable cells percentages: 0.8
Agglomeration factor: 0.7

Gli agenti sono stati generati con l'algoritmo ReachGoal
Agents: [[(45, 36), (44, 37), (43, 38), (42, 39), (41, 40), (40, 41), (40, 42), (40, 43), (40, 44), (40, 45), (40, 46), (40, 47), (40, 48), (40, 49), (40, 50), (40, 51), (40, 52), (40, 53), (40, 54), (40, 55), (40, 56), (40, 57), (40, 58), (40, 59), (40, 60), (40, 61)], [(42, 6), (42, 7), (42, 8), (42, 9), (42, 10), (42, 11), (42, 12), (42, 13), (42, 14), (42, 15), (42, 16), (42, 17), (41, 18), (40, 19), (40, 19), (40, 19), (40, 19), (40, 19), (40, 19), (40, 19), (40, 19), (40, 19), (40, 19), (40, 19), (40, 19), (40, 19), (40, 19), (40, 19), (40, 19), (40, 19), (40, 19), (40, 19), (40, 19), (40, 19), (40, 19), (40, 19), (40, 19), (40, 19), (40, 19), (40, 19), (40, 19), (40, 19), (40, 19), (40, 19), (40, 19), (40, 19), (40, 19), (40, 19), (40, 19), (40, 19), (40, 19), (40, 19), (40, 19), (40, 19), (40, 19), (40, 19), (40, 19), (40, 19), (40, 19), (40, 19), (40, 19), (40, 19), (40, 19), (40, 19), (40, 19), (40, 19), (40, 19), (40, 19), (40, 19), (40, 19), (40, 19), (40, 19), (40, 19), (40, 19), (40, 19), (40, 19), (40, 19), (40, 19), (40, 19), (40, 19), (40, 19), (40, 19), (40, 19), (40, 19), (40, 19), (40, 19), (40, 19), (40, 19), (40, 19), (40, 19), (40, 19), (40, 19), (40, 19), (40, 19), (40, 19), (40, 19), (40, 19), (40, 19), (40, 19), (40, 19), (40, 19), (40, 19), (40, 19), (40, 19), (39, 20), (39, 21), (39, 22), (39, 23), (39, 24), (39, 25), (39, 26), (39, 27), (39, 28), (39, 29), (39, 30), (39, 31), (39, 32), (39, 33)], [(42, 6), (41, 7), (40, 8), (39, 9), (39, 10), (39, 11), (39, 12), (39, 13), (39, 14), (39, 15), (39, 16), (39, 17), (39, 18), (39, 19), (39, 20), (39, 21), (39, 22), (39, 23), (39, 24), (39, 25), (39, 26), (39, 27), (39, 28), (39, 29), (39, 30), (39, 31), (39, 32), (39, 33)]]
Numero di agenti: 3


Agent 0
Path: [(45, 36), (44, 37), (43, 38), (42, 39), (41, 40), (40, 41), (40, 42), (40, 43), (40, 44), (40, 45), (40, 46), (40, 47), (40, 48), (40, 49), (40, 50), (40, 51), (40, 52), (40, 53), (40, 54), (40, 55), (40, 56), (40, 57), (40, 58), (40, 59), (40, 60), (40, 61)]
Path length: 26

Agent 1
Path: [(42, 6), (42, 7), (42, 8), (42, 9), (42, 10), (42, 11), (42, 12), (42, 13), (42, 14), (42, 15), (42, 16), (42, 17), (41, 18), (40, 19), (40, 19), (40, 19), (40, 19), (40, 19), (40, 19), (40, 19), (40, 19), (40, 19), (40, 19), (40, 19), (40, 19), (40, 19), (40, 19), (40, 19), (40, 19), (40, 19), (40, 19), (40, 19), (40, 19), (40, 19), (40, 19), (40, 19), (40, 19), (40, 19), (40, 19), (40, 19), (40, 19), (40, 19), (40, 19), (40, 19), (40, 19), (40, 19), (40, 19), (40, 19), (40, 19), (40, 19), (40, 19), (40, 19), (40, 19), (40, 19), (40, 19), (40, 19), (40, 19), (40, 19), (40, 19), (40, 19), (40, 19), (40, 19), (40, 19), (40, 19), (40, 19), (40, 19), (40, 19), (40, 19), (40, 19), (40, 19), (40, 19), (40, 19), (40, 19), (40, 19), (40, 19), (40, 19), (40, 19), (40, 19), (40, 19), (40, 19), (40, 19), (40, 19), (40, 19), (40, 19), (40, 19), (40, 19), (40, 19), (40, 19), (40, 19), (40, 19), (40, 19), (40, 19), (40, 19), (40, 19), (40, 19), (40, 19), (40, 19), (40, 19), (40, 19), (40, 19), (40, 19), (40, 19), (40, 19), (40, 19), (39, 20), (39, 21), (39, 22), (39, 23), (39, 24), (39, 25), (39, 26), (39, 27), (39, 28), (39, 29), (39, 30), (39, 31), (39, 32), (39, 33)]
Path length: 118

Agent 2
Path: [(42, 6), (41, 7), (40, 8), (39, 9), (39, 10), (39, 11), (39, 12), (39, 13), (39, 14), (39, 15), (39, 16), (39, 17), (39, 18), (39, 19), (39, 20), (39, 21), (39, 22), (39, 23), (39, 24), (39, 25), (39, 26), (39, 27), (39, 28), (39, 29), (39, 30), (39, 31), (39, 32), (39, 33)]
Path length: 28


Init: [15, 52]
Goal: [3, 69]
Max: 900

Failure

Time: 58.589054584503174
Current occupied memory: 91120
Peak occupied memory: 3266024


Grid height: 100
Grid width: 50
Traversable cells percentages: 0.8
Agglomeration factor: 0.7

Gli agenti sono stati generati con l'algoritmo ReachGoal
Agents: [[(45, 36), (44, 37), (43, 38), (42, 39), (41, 40), (40, 41), (40, 42), (40, 43), (40, 44), (40, 45), (40, 46), (40, 47), (40, 48), (40, 49), (40, 50), (40, 51), (40, 52), (40, 53), (40, 54), (40, 55), (40, 56), (40, 57), (40, 58), (40, 59), (40, 60), (40, 61)], [(42, 6), (42, 7), (42, 8), (42, 9), (42, 10), (42, 11), (42, 12), (42, 13), (42, 14), (42, 15), (42, 16), (42, 17), (41, 18), (40, 19), (40, 19), (40, 19), (40, 19), (40, 19), (40, 19), (40, 19), (40, 19), (40, 19), (40, 19), (40, 19), (40, 19), (40, 19), (40, 19), (40, 19), (40, 19), (40, 19), (40, 19), (40, 19), (40, 19), (40, 19), (40, 19), (40, 19), (40, 19), (40, 19), (40, 19), (40, 19), (40, 19), (40, 19), (40, 19), (40, 19), (40, 19), (40, 19), (40, 19), (40, 19), (40, 19), (40, 19), (40, 19), (40, 19), (40, 19), (40, 19), (40, 19), (40, 19), (40, 19), (40, 19), (40, 19), (40, 19), (40, 19), (40, 19), (40, 19), (40, 19), (40, 19), (40, 19), (40, 19), (40, 19), (40, 19), (40, 19), (40, 19), (40, 19), (40, 19), (40, 19), (40, 19), (40, 19), (40, 19), (40, 19), (40, 19), (40, 19), (40, 19), (40, 19), (40, 19), (40, 19), (40, 19), (40, 19), (40, 19), (40, 19), (40, 19), (40, 19), (40, 19), (40, 19), (40, 19), (40, 19), (40, 19), (40, 19), (40, 19), (40, 19), (40, 19), (40, 19), (40, 19), (40, 19), (40, 19), (40, 19), (39, 20), (39, 21), (39, 22), (39, 23), (39, 24), (39, 25), (39, 26), (39, 27), (39, 28), (39, 29), (39, 30), (39, 31), (39, 32), (39, 33)], [(42, 6), (41, 7), (40, 8), (39, 9), (39, 10), (39, 11), (39, 12), (39, 13), (39, 14), (39, 15), (39, 16), (39, 17), (39, 18), (39, 19), (39, 20), (39, 21), (39, 22), (39, 23), (39, 24), (39, 25), (39, 26), (39, 27), (39, 28), (39, 29), (39, 30), (39, 31), (39, 32), (39, 33)]]
Numero di agenti: 3


Agent 0
Path: [(45, 36), (44, 37), (43, 38), (42, 39), (41, 40), (40, 41), (40, 42), (40, 43), (40, 44), (40, 45), (40, 46), (40, 47), (40, 48), (40, 49), (40, 50), (40, 51), (40, 52), (40, 53), (40, 54), (40, 55), (40, 56), (40, 57), (40, 58), (40, 59), (40, 60), (40, 61)]
Path length: 26

Agent 1
Path: [(42, 6), (42, 7), (42, 8), (42, 9), (42, 10), (42, 11), (42, 12), (42, 13), (42, 14), (42, 15), (42, 16), (42, 17), (41, 18), (40, 19), (40, 19), (40, 19), (40, 19), (40, 19), (40, 19), (40, 19), (40, 19), (40, 19), (40, 19), (40, 19), (40, 19), (40, 19), (40, 19), (40, 19), (40, 19), (40, 19), (40, 19), (40, 19), (40, 19), (40, 19), (40, 19), (40, 19), (40, 19), (40, 19), (40, 19), (40, 19), (40, 19), (40, 19), (40, 19), (40, 19), (40, 19), (40, 19), (40, 19), (40, 19), (40, 19), (40, 19), (40, 19), (40, 19), (40, 19), (40, 19), (40, 19), (40, 19), (40, 19), (40, 19), (40, 19), (40, 19), (40, 19), (40, 19), (40, 19), (40, 19), (40, 19), (40, 19), (40, 19), (40, 19), (40, 19), (40, 19), (40, 19), (40, 19), (40, 19), (40, 19), (40, 19), (40, 19), (40, 19), (40, 19), (40, 19), (40, 19), (40, 19), (40, 19), (40, 19), (40, 19), (40, 19), (40, 19), (40, 19), (40, 19), (40, 19), (40, 19), (40, 19), (40, 19), (40, 19), (40, 19), (40, 19), (40, 19), (40, 19), (40, 19), (40, 19), (40, 19), (40, 19), (40, 19), (40, 19), (40, 19), (39, 20), (39, 21), (39, 22), (39, 23), (39, 24), (39, 25), (39, 26), (39, 27), (39, 28), (39, 29), (39, 30), (39, 31), (39, 32), (39, 33)]
Path length: 118

Agent 2
Path: [(42, 6), (41, 7), (40, 8), (39, 9), (39, 10), (39, 11), (39, 12), (39, 13), (39, 14), (39, 15), (39, 16), (39, 17), (39, 18), (39, 19), (39, 20), (39, 21), (39, 22), (39, 23), (39, 24), (39, 25), (39, 26), (39, 27), (39, 28), (39, 29), (39, 30), (39, 31), (39, 32), (39, 33)]
Path length: 28


Init: [15, 52]
Goal: [3, 69]
Max: 1000

Failure

Time: 75.98277497291565
Current occupied memory: 91120
Peak occupied memory: 3577736


Grid height: 100
Grid width: 50
Traversable cells percentages: 0.8
Agglomeration factor: 0.7

Gli agenti sono stati generati con l'algoritmo ReachGoal
Agents: [[(45, 36), (44, 37), (43, 38), (42, 39), (41, 40), (40, 41), (40, 42), (40, 43), (40, 44), (40, 45), (40, 46), (40, 47), (40, 48), (40, 49), (40, 50), (40, 51), (40, 52), (40, 53), (40, 54), (40, 55), (40, 56), (40, 57), (40, 58), (40, 59), (40, 60), (40, 61)], [(42, 6), (42, 7), (42, 8), (42, 9), (42, 10), (42, 11), (42, 12), (42, 13), (42, 14), (42, 15), (42, 16), (42, 17), (41, 18), (40, 19), (40, 19), (40, 19), (40, 19), (40, 19), (40, 19), (40, 19), (40, 19), (40, 19), (40, 19), (40, 19), (40, 19), (40, 19), (40, 19), (40, 19), (40, 19), (40, 19), (40, 19), (40, 19), (40, 19), (40, 19), (40, 19), (40, 19), (40, 19), (40, 19), (40, 19), (40, 19), (40, 19), (40, 19), (40, 19), (40, 19), (40, 19), (40, 19), (40, 19), (40, 19), (40, 19), (40, 19), (40, 19), (40, 19), (40, 19), (40, 19), (40, 19), (40, 19), (40, 19), (40, 19), (40, 19), (40, 19), (40, 19), (40, 19), (40, 19), (40, 19), (40, 19), (40, 19), (40, 19), (40, 19), (40, 19), (40, 19), (40, 19), (40, 19), (40, 19), (40, 19), (40, 19), (40, 19), (40, 19), (40, 19), (40, 19), (40, 19), (40, 19), (40, 19), (40, 19), (40, 19), (40, 19), (40, 19), (40, 19), (40, 19), (40, 19), (40, 19), (40, 19), (40, 19), (40, 19), (40, 19), (40, 19), (40, 19), (40, 19), (40, 19), (40, 19), (40, 19), (40, 19), (40, 19), (40, 19), (40, 19), (39, 20), (39, 21), (39, 22), (39, 23), (39, 24), (39, 25), (39, 26), (39, 27), (39, 28), (39, 29), (39, 30), (39, 31), (39, 32), (39, 33)], [(42, 6), (41, 7), (40, 8), (39, 9), (39, 10), (39, 11), (39, 12), (39, 13), (39, 14), (39, 15), (39, 16), (39, 17), (39, 18), (39, 19), (39, 20), (39, 21), (39, 22), (39, 23), (39, 24), (39, 25), (39, 26), (39, 27), (39, 28), (39, 29), (39, 30), (39, 31), (39, 32), (39, 33)]]
Numero di agenti: 3


Agent 0
Path: [(45, 36), (44, 37), (43, 38), (42, 39), (41, 40), (40, 41), (40, 42), (40, 43), (40, 44), (40, 45), (40, 46), (40, 47), (40, 48), (40, 49), (40, 50), (40, 51), (40, 52), (40, 53), (40, 54), (40, 55), (40, 56), (40, 57), (40, 58), (40, 59), (40, 60), (40, 61)]
Path length: 26

Agent 1
Path: [(42, 6), (42, 7), (42, 8), (42, 9), (42, 10), (42, 11), (42, 12), (42, 13), (42, 14), (42, 15), (42, 16), (42, 17), (41, 18), (40, 19), (40, 19), (40, 19), (40, 19), (40, 19), (40, 19), (40, 19), (40, 19), (40, 19), (40, 19), (40, 19), (40, 19), (40, 19), (40, 19), (40, 19), (40, 19), (40, 19), (40, 19), (40, 19), (40, 19), (40, 19), (40, 19), (40, 19), (40, 19), (40, 19), (40, 19), (40, 19), (40, 19), (40, 19), (40, 19), (40, 19), (40, 19), (40, 19), (40, 19), (40, 19), (40, 19), (40, 19), (40, 19), (40, 19), (40, 19), (40, 19), (40, 19), (40, 19), (40, 19), (40, 19), (40, 19), (40, 19), (40, 19), (40, 19), (40, 19), (40, 19), (40, 19), (40, 19), (40, 19), (40, 19), (40, 19), (40, 19), (40, 19), (40, 19), (40, 19), (40, 19), (40, 19), (40, 19), (40, 19), (40, 19), (40, 19), (40, 19), (40, 19), (40, 19), (40, 19), (40, 19), (40, 19), (40, 19), (40, 19), (40, 19), (40, 19), (40, 19), (40, 19), (40, 19), (40, 19), (40, 19), (40, 19), (40, 19), (40, 19), (40, 19), (40, 19), (40, 19), (40, 19), (40, 19), (40, 19), (40, 19), (39, 20), (39, 21), (39, 22), (39, 23), (39, 24), (39, 25), (39, 26), (39, 27), (39, 28), (39, 29), (39, 30), (39, 31), (39, 32), (39, 33)]
Path length: 118

Agent 2
Path: [(42, 6), (41, 7), (40, 8), (39, 9), (39, 10), (39, 11), (39, 12), (39, 13), (39, 14), (39, 15), (39, 16), (39, 17), (39, 18), (39, 19), (39, 20), (39, 21), (39, 22), (39, 23), (39, 24), (39, 25), (39, 26), (39, 27), (39, 28), (39, 29), (39, 30), (39, 31), (39, 32), (39, 33)]
Path length: 28


Init: [15, 52]
Goal: [3, 69]
Max: 1100

Failure

Time: 81.63958477973938
Current occupied memory: 91200
Peak occupied memory: 3890536


Grid height: 100
Grid width: 50
Traversable cells percentages: 0.8
Agglomeration factor: 0.7

Gli agenti sono stati generati con l'algoritmo ReachGoal
Agents: [[(45, 36), (44, 37), (43, 38), (42, 39), (41, 40), (40, 41), (40, 42), (40, 43), (40, 44), (40, 45), (40, 46), (40, 47), (40, 48), (40, 49), (40, 50), (40, 51), (40, 52), (40, 53), (40, 54), (40, 55), (40, 56), (40, 57), (40, 58), (40, 59), (40, 60), (40, 61)], [(42, 6), (42, 7), (42, 8), (42, 9), (42, 10), (42, 11), (42, 12), (42, 13), (42, 14), (42, 15), (42, 16), (42, 17), (41, 18), (40, 19), (40, 19), (40, 19), (40, 19), (40, 19), (40, 19), (40, 19), (40, 19), (40, 19), (40, 19), (40, 19), (40, 19), (40, 19), (40, 19), (40, 19), (40, 19), (40, 19), (40, 19), (40, 19), (40, 19), (40, 19), (40, 19), (40, 19), (40, 19), (40, 19), (40, 19), (40, 19), (40, 19), (40, 19), (40, 19), (40, 19), (40, 19), (40, 19), (40, 19), (40, 19), (40, 19), (40, 19), (40, 19), (40, 19), (40, 19), (40, 19), (40, 19), (40, 19), (40, 19), (40, 19), (40, 19), (40, 19), (40, 19), (40, 19), (40, 19), (40, 19), (40, 19), (40, 19), (40, 19), (40, 19), (40, 19), (40, 19), (40, 19), (40, 19), (40, 19), (40, 19), (40, 19), (40, 19), (40, 19), (40, 19), (40, 19), (40, 19), (40, 19), (40, 19), (40, 19), (40, 19), (40, 19), (40, 19), (40, 19), (40, 19), (40, 19), (40, 19), (40, 19), (40, 19), (40, 19), (40, 19), (40, 19), (40, 19), (40, 19), (40, 19), (40, 19), (40, 19), (40, 19), (40, 19), (40, 19), (40, 19), (39, 20), (39, 21), (39, 22), (39, 23), (39, 24), (39, 25), (39, 26), (39, 27), (39, 28), (39, 29), (39, 30), (39, 31), (39, 32), (39, 33)], [(42, 6), (41, 7), (40, 8), (39, 9), (39, 10), (39, 11), (39, 12), (39, 13), (39, 14), (39, 15), (39, 16), (39, 17), (39, 18), (39, 19), (39, 20), (39, 21), (39, 22), (39, 23), (39, 24), (39, 25), (39, 26), (39, 27), (39, 28), (39, 29), (39, 30), (39, 31), (39, 32), (39, 33)]]
Numero di agenti: 3


Agent 0
Path: [(45, 36), (44, 37), (43, 38), (42, 39), (41, 40), (40, 41), (40, 42), (40, 43), (40, 44), (40, 45), (40, 46), (40, 47), (40, 48), (40, 49), (40, 50), (40, 51), (40, 52), (40, 53), (40, 54), (40, 55), (40, 56), (40, 57), (40, 58), (40, 59), (40, 60), (40, 61)]
Path length: 26

Agent 1
Path: [(42, 6), (42, 7), (42, 8), (42, 9), (42, 10), (42, 11), (42, 12), (42, 13), (42, 14), (42, 15), (42, 16), (42, 17), (41, 18), (40, 19), (40, 19), (40, 19), (40, 19), (40, 19), (40, 19), (40, 19), (40, 19), (40, 19), (40, 19), (40, 19), (40, 19), (40, 19), (40, 19), (40, 19), (40, 19), (40, 19), (40, 19), (40, 19), (40, 19), (40, 19), (40, 19), (40, 19), (40, 19), (40, 19), (40, 19), (40, 19), (40, 19), (40, 19), (40, 19), (40, 19), (40, 19), (40, 19), (40, 19), (40, 19), (40, 19), (40, 19), (40, 19), (40, 19), (40, 19), (40, 19), (40, 19), (40, 19), (40, 19), (40, 19), (40, 19), (40, 19), (40, 19), (40, 19), (40, 19), (40, 19), (40, 19), (40, 19), (40, 19), (40, 19), (40, 19), (40, 19), (40, 19), (40, 19), (40, 19), (40, 19), (40, 19), (40, 19), (40, 19), (40, 19), (40, 19), (40, 19), (40, 19), (40, 19), (40, 19), (40, 19), (40, 19), (40, 19), (40, 19), (40, 19), (40, 19), (40, 19), (40, 19), (40, 19), (40, 19), (40, 19), (40, 19), (40, 19), (40, 19), (40, 19), (40, 19), (40, 19), (40, 19), (40, 19), (40, 19), (40, 19), (39, 20), (39, 21), (39, 22), (39, 23), (39, 24), (39, 25), (39, 26), (39, 27), (39, 28), (39, 29), (39, 30), (39, 31), (39, 32), (39, 33)]
Path length: 118

Agent 2
Path: [(42, 6), (41, 7), (40, 8), (39, 9), (39, 10), (39, 11), (39, 12), (39, 13), (39, 14), (39, 15), (39, 16), (39, 17), (39, 18), (39, 19), (39, 20), (39, 21), (39, 22), (39, 23), (39, 24), (39, 25), (39, 26), (39, 27), (39, 28), (39, 29), (39, 30), (39, 31), (39, 32), (39, 33)]
Path length: 28


Init: [15, 52]
Goal: [3, 69]
Max: 1200

Failure

Time: 88.10348606109619
Current occupied memory: 91200
Peak occupied memory: 4203816


Grid height: 100
Grid width: 50
Traversable cells percentages: 0.8
Agglomeration factor: 0.7

Gli agenti sono stati generati con l'algoritmo ReachGoal
Agents: [[(45, 36), (44, 37), (43, 38), (42, 39), (41, 40), (40, 41), (40, 42), (40, 43), (40, 44), (40, 45), (40, 46), (40, 47), (40, 48), (40, 49), (40, 50), (40, 51), (40, 52), (40, 53), (40, 54), (40, 55), (40, 56), (40, 57), (40, 58), (40, 59), (40, 60), (40, 61)], [(42, 6), (42, 7), (42, 8), (42, 9), (42, 10), (42, 11), (42, 12), (42, 13), (42, 14), (42, 15), (42, 16), (42, 17), (41, 18), (40, 19), (40, 19), (40, 19), (40, 19), (40, 19), (40, 19), (40, 19), (40, 19), (40, 19), (40, 19), (40, 19), (40, 19), (40, 19), (40, 19), (40, 19), (40, 19), (40, 19), (40, 19), (40, 19), (40, 19), (40, 19), (40, 19), (40, 19), (40, 19), (40, 19), (40, 19), (40, 19), (40, 19), (40, 19), (40, 19), (40, 19), (40, 19), (40, 19), (40, 19), (40, 19), (40, 19), (40, 19), (40, 19), (40, 19), (40, 19), (40, 19), (40, 19), (40, 19), (40, 19), (40, 19), (40, 19), (40, 19), (40, 19), (40, 19), (40, 19), (40, 19), (40, 19), (40, 19), (40, 19), (40, 19), (40, 19), (40, 19), (40, 19), (40, 19), (40, 19), (40, 19), (40, 19), (40, 19), (40, 19), (40, 19), (40, 19), (40, 19), (40, 19), (40, 19), (40, 19), (40, 19), (40, 19), (40, 19), (40, 19), (40, 19), (40, 19), (40, 19), (40, 19), (40, 19), (40, 19), (40, 19), (40, 19), (40, 19), (40, 19), (40, 19), (40, 19), (40, 19), (40, 19), (40, 19), (40, 19), (40, 19), (39, 20), (39, 21), (39, 22), (39, 23), (39, 24), (39, 25), (39, 26), (39, 27), (39, 28), (39, 29), (39, 30), (39, 31), (39, 32), (39, 33)], [(42, 6), (41, 7), (40, 8), (39, 9), (39, 10), (39, 11), (39, 12), (39, 13), (39, 14), (39, 15), (39, 16), (39, 17), (39, 18), (39, 19), (39, 20), (39, 21), (39, 22), (39, 23), (39, 24), (39, 25), (39, 26), (39, 27), (39, 28), (39, 29), (39, 30), (39, 31), (39, 32), (39, 33)]]
Numero di agenti: 3


Agent 0
Path: [(45, 36), (44, 37), (43, 38), (42, 39), (41, 40), (40, 41), (40, 42), (40, 43), (40, 44), (40, 45), (40, 46), (40, 47), (40, 48), (40, 49), (40, 50), (40, 51), (40, 52), (40, 53), (40, 54), (40, 55), (40, 56), (40, 57), (40, 58), (40, 59), (40, 60), (40, 61)]
Path length: 26

Agent 1
Path: [(42, 6), (42, 7), (42, 8), (42, 9), (42, 10), (42, 11), (42, 12), (42, 13), (42, 14), (42, 15), (42, 16), (42, 17), (41, 18), (40, 19), (40, 19), (40, 19), (40, 19), (40, 19), (40, 19), (40, 19), (40, 19), (40, 19), (40, 19), (40, 19), (40, 19), (40, 19), (40, 19), (40, 19), (40, 19), (40, 19), (40, 19), (40, 19), (40, 19), (40, 19), (40, 19), (40, 19), (40, 19), (40, 19), (40, 19), (40, 19), (40, 19), (40, 19), (40, 19), (40, 19), (40, 19), (40, 19), (40, 19), (40, 19), (40, 19), (40, 19), (40, 19), (40, 19), (40, 19), (40, 19), (40, 19), (40, 19), (40, 19), (40, 19), (40, 19), (40, 19), (40, 19), (40, 19), (40, 19), (40, 19), (40, 19), (40, 19), (40, 19), (40, 19), (40, 19), (40, 19), (40, 19), (40, 19), (40, 19), (40, 19), (40, 19), (40, 19), (40, 19), (40, 19), (40, 19), (40, 19), (40, 19), (40, 19), (40, 19), (40, 19), (40, 19), (40, 19), (40, 19), (40, 19), (40, 19), (40, 19), (40, 19), (40, 19), (40, 19), (40, 19), (40, 19), (40, 19), (40, 19), (40, 19), (40, 19), (40, 19), (40, 19), (40, 19), (40, 19), (40, 19), (39, 20), (39, 21), (39, 22), (39, 23), (39, 24), (39, 25), (39, 26), (39, 27), (39, 28), (39, 29), (39, 30), (39, 31), (39, 32), (39, 33)]
Path length: 118

Agent 2
Path: [(42, 6), (41, 7), (40, 8), (39, 9), (39, 10), (39, 11), (39, 12), (39, 13), (39, 14), (39, 15), (39, 16), (39, 17), (39, 18), (39, 19), (39, 20), (39, 21), (39, 22), (39, 23), (39, 24), (39, 25), (39, 26), (39, 27), (39, 28), (39, 29), (39, 30), (39, 31), (39, 32), (39, 33)]
Path length: 28


Init: [15, 52]
Goal: [3, 69]
Max: 1300

Failure

Time: 97.17653226852417
Current occupied memory: 91200
Peak occupied memory: 5131144


Grid height: 100
Grid width: 50
Traversable cells percentages: 0.8
Agglomeration factor: 0.7

Gli agenti sono stati generati con l'algoritmo ReachGoal
Agents: [[(45, 36), (44, 37), (43, 38), (42, 39), (41, 40), (40, 41), (40, 42), (40, 43), (40, 44), (40, 45), (40, 46), (40, 47), (40, 48), (40, 49), (40, 50), (40, 51), (40, 52), (40, 53), (40, 54), (40, 55), (40, 56), (40, 57), (40, 58), (40, 59), (40, 60), (40, 61)], [(42, 6), (42, 7), (42, 8), (42, 9), (42, 10), (42, 11), (42, 12), (42, 13), (42, 14), (42, 15), (42, 16), (42, 17), (41, 18), (40, 19), (40, 19), (40, 19), (40, 19), (40, 19), (40, 19), (40, 19), (40, 19), (40, 19), (40, 19), (40, 19), (40, 19), (40, 19), (40, 19), (40, 19), (40, 19), (40, 19), (40, 19), (40, 19), (40, 19), (40, 19), (40, 19), (40, 19), (40, 19), (40, 19), (40, 19), (40, 19), (40, 19), (40, 19), (40, 19), (40, 19), (40, 19), (40, 19), (40, 19), (40, 19), (40, 19), (40, 19), (40, 19), (40, 19), (40, 19), (40, 19), (40, 19), (40, 19), (40, 19), (40, 19), (40, 19), (40, 19), (40, 19), (40, 19), (40, 19), (40, 19), (40, 19), (40, 19), (40, 19), (40, 19), (40, 19), (40, 19), (40, 19), (40, 19), (40, 19), (40, 19), (40, 19), (40, 19), (40, 19), (40, 19), (40, 19), (40, 19), (40, 19), (40, 19), (40, 19), (40, 19), (40, 19), (40, 19), (40, 19), (40, 19), (40, 19), (40, 19), (40, 19), (40, 19), (40, 19), (40, 19), (40, 19), (40, 19), (40, 19), (40, 19), (40, 19), (40, 19), (40, 19), (40, 19), (40, 19), (40, 19), (39, 20), (39, 21), (39, 22), (39, 23), (39, 24), (39, 25), (39, 26), (39, 27), (39, 28), (39, 29), (39, 30), (39, 31), (39, 32), (39, 33)], [(42, 6), (41, 7), (40, 8), (39, 9), (39, 10), (39, 11), (39, 12), (39, 13), (39, 14), (39, 15), (39, 16), (39, 17), (39, 18), (39, 19), (39, 20), (39, 21), (39, 22), (39, 23), (39, 24), (39, 25), (39, 26), (39, 27), (39, 28), (39, 29), (39, 30), (39, 31), (39, 32), (39, 33)]]
Numero di agenti: 3


Agent 0
Path: [(45, 36), (44, 37), (43, 38), (42, 39), (41, 40), (40, 41), (40, 42), (40, 43), (40, 44), (40, 45), (40, 46), (40, 47), (40, 48), (40, 49), (40, 50), (40, 51), (40, 52), (40, 53), (40, 54), (40, 55), (40, 56), (40, 57), (40, 58), (40, 59), (40, 60), (40, 61)]
Path length: 26

Agent 1
Path: [(42, 6), (42, 7), (42, 8), (42, 9), (42, 10), (42, 11), (42, 12), (42, 13), (42, 14), (42, 15), (42, 16), (42, 17), (41, 18), (40, 19), (40, 19), (40, 19), (40, 19), (40, 19), (40, 19), (40, 19), (40, 19), (40, 19), (40, 19), (40, 19), (40, 19), (40, 19), (40, 19), (40, 19), (40, 19), (40, 19), (40, 19), (40, 19), (40, 19), (40, 19), (40, 19), (40, 19), (40, 19), (40, 19), (40, 19), (40, 19), (40, 19), (40, 19), (40, 19), (40, 19), (40, 19), (40, 19), (40, 19), (40, 19), (40, 19), (40, 19), (40, 19), (40, 19), (40, 19), (40, 19), (40, 19), (40, 19), (40, 19), (40, 19), (40, 19), (40, 19), (40, 19), (40, 19), (40, 19), (40, 19), (40, 19), (40, 19), (40, 19), (40, 19), (40, 19), (40, 19), (40, 19), (40, 19), (40, 19), (40, 19), (40, 19), (40, 19), (40, 19), (40, 19), (40, 19), (40, 19), (40, 19), (40, 19), (40, 19), (40, 19), (40, 19), (40, 19), (40, 19), (40, 19), (40, 19), (40, 19), (40, 19), (40, 19), (40, 19), (40, 19), (40, 19), (40, 19), (40, 19), (40, 19), (40, 19), (40, 19), (40, 19), (40, 19), (40, 19), (40, 19), (39, 20), (39, 21), (39, 22), (39, 23), (39, 24), (39, 25), (39, 26), (39, 27), (39, 28), (39, 29), (39, 30), (39, 31), (39, 32), (39, 33)]
Path length: 118

Agent 2
Path: [(42, 6), (41, 7), (40, 8), (39, 9), (39, 10), (39, 11), (39, 12), (39, 13), (39, 14), (39, 15), (39, 16), (39, 17), (39, 18), (39, 19), (39, 20), (39, 21), (39, 22), (39, 23), (39, 24), (39, 25), (39, 26), (39, 27), (39, 28), (39, 29), (39, 30), (39, 31), (39, 32), (39, 33)]
Path length: 28


Init: [15, 52]
Goal: [3, 69]
Max: 1400

Failure

Time: 139.951584815979
Current occupied memory: 91200
Peak occupied memory: 5412824


Grid height: 100
Grid width: 50
Traversable cells percentages: 0.8
Agglomeration factor: 0.7

Gli agenti sono stati generati con l'algoritmo ReachGoal
Agents: [[(45, 36), (44, 37), (43, 38), (42, 39), (41, 40), (40, 41), (40, 42), (40, 43), (40, 44), (40, 45), (40, 46), (40, 47), (40, 48), (40, 49), (40, 50), (40, 51), (40, 52), (40, 53), (40, 54), (40, 55), (40, 56), (40, 57), (40, 58), (40, 59), (40, 60), (40, 61)], [(42, 6), (42, 7), (42, 8), (42, 9), (42, 10), (42, 11), (42, 12), (42, 13), (42, 14), (42, 15), (42, 16), (42, 17), (41, 18), (40, 19), (40, 19), (40, 19), (40, 19), (40, 19), (40, 19), (40, 19), (40, 19), (40, 19), (40, 19), (40, 19), (40, 19), (40, 19), (40, 19), (40, 19), (40, 19), (40, 19), (40, 19), (40, 19), (40, 19), (40, 19), (40, 19), (40, 19), (40, 19), (40, 19), (40, 19), (40, 19), (40, 19), (40, 19), (40, 19), (40, 19), (40, 19), (40, 19), (40, 19), (40, 19), (40, 19), (40, 19), (40, 19), (40, 19), (40, 19), (40, 19), (40, 19), (40, 19), (40, 19), (40, 19), (40, 19), (40, 19), (40, 19), (40, 19), (40, 19), (40, 19), (40, 19), (40, 19), (40, 19), (40, 19), (40, 19), (40, 19), (40, 19), (40, 19), (40, 19), (40, 19), (40, 19), (40, 19), (40, 19), (40, 19), (40, 19), (40, 19), (40, 19), (40, 19), (40, 19), (40, 19), (40, 19), (40, 19), (40, 19), (40, 19), (40, 19), (40, 19), (40, 19), (40, 19), (40, 19), (40, 19), (40, 19), (40, 19), (40, 19), (40, 19), (40, 19), (40, 19), (40, 19), (40, 19), (40, 19), (40, 19), (39, 20), (39, 21), (39, 22), (39, 23), (39, 24), (39, 25), (39, 26), (39, 27), (39, 28), (39, 29), (39, 30), (39, 31), (39, 32), (39, 33)], [(42, 6), (41, 7), (40, 8), (39, 9), (39, 10), (39, 11), (39, 12), (39, 13), (39, 14), (39, 15), (39, 16), (39, 17), (39, 18), (39, 19), (39, 20), (39, 21), (39, 22), (39, 23), (39, 24), (39, 25), (39, 26), (39, 27), (39, 28), (39, 29), (39, 30), (39, 31), (39, 32), (39, 33)]]
Numero di agenti: 3


Agent 0
Path: [(45, 36), (44, 37), (43, 38), (42, 39), (41, 40), (40, 41), (40, 42), (40, 43), (40, 44), (40, 45), (40, 46), (40, 47), (40, 48), (40, 49), (40, 50), (40, 51), (40, 52), (40, 53), (40, 54), (40, 55), (40, 56), (40, 57), (40, 58), (40, 59), (40, 60), (40, 61)]
Path length: 26

Agent 1
Path: [(42, 6), (42, 7), (42, 8), (42, 9), (42, 10), (42, 11), (42, 12), (42, 13), (42, 14), (42, 15), (42, 16), (42, 17), (41, 18), (40, 19), (40, 19), (40, 19), (40, 19), (40, 19), (40, 19), (40, 19), (40, 19), (40, 19), (40, 19), (40, 19), (40, 19), (40, 19), (40, 19), (40, 19), (40, 19), (40, 19), (40, 19), (40, 19), (40, 19), (40, 19), (40, 19), (40, 19), (40, 19), (40, 19), (40, 19), (40, 19), (40, 19), (40, 19), (40, 19), (40, 19), (40, 19), (40, 19), (40, 19), (40, 19), (40, 19), (40, 19), (40, 19), (40, 19), (40, 19), (40, 19), (40, 19), (40, 19), (40, 19), (40, 19), (40, 19), (40, 19), (40, 19), (40, 19), (40, 19), (40, 19), (40, 19), (40, 19), (40, 19), (40, 19), (40, 19), (40, 19), (40, 19), (40, 19), (40, 19), (40, 19), (40, 19), (40, 19), (40, 19), (40, 19), (40, 19), (40, 19), (40, 19), (40, 19), (40, 19), (40, 19), (40, 19), (40, 19), (40, 19), (40, 19), (40, 19), (40, 19), (40, 19), (40, 19), (40, 19), (40, 19), (40, 19), (40, 19), (40, 19), (40, 19), (40, 19), (40, 19), (40, 19), (40, 19), (40, 19), (40, 19), (39, 20), (39, 21), (39, 22), (39, 23), (39, 24), (39, 25), (39, 26), (39, 27), (39, 28), (39, 29), (39, 30), (39, 31), (39, 32), (39, 33)]
Path length: 118

Agent 2
Path: [(42, 6), (41, 7), (40, 8), (39, 9), (39, 10), (39, 11), (39, 12), (39, 13), (39, 14), (39, 15), (39, 16), (39, 17), (39, 18), (39, 19), (39, 20), (39, 21), (39, 22), (39, 23), (39, 24), (39, 25), (39, 26), (39, 27), (39, 28), (39, 29), (39, 30), (39, 31), (39, 32), (39, 33)]
Path length: 28


Init: [15, 52]
Goal: [3, 69]
Max: 1500

Failure

Time: 128.01413464546204
Current occupied memory: 91200
Peak occupied memory: 5728120


Grid height: 100
Grid width: 50
Traversable cells percentages: 0.8
Agglomeration factor: 0.7

Gli agenti sono stati generati con l'algoritmo ReachGoal
Agents: [[(45, 36), (44, 37), (43, 38), (42, 39), (41, 40), (40, 41), (40, 42), (40, 43), (40, 44), (40, 45), (40, 46), (40, 47), (40, 48), (40, 49), (40, 50), (40, 51), (40, 52), (40, 53), (40, 54), (40, 55), (40, 56), (40, 57), (40, 58), (40, 59), (40, 60), (40, 61)], [(42, 6), (42, 7), (42, 8), (42, 9), (42, 10), (42, 11), (42, 12), (42, 13), (42, 14), (42, 15), (42, 16), (42, 17), (41, 18), (40, 19), (40, 19), (40, 19), (40, 19), (40, 19), (40, 19), (40, 19), (40, 19), (40, 19), (40, 19), (40, 19), (40, 19), (40, 19), (40, 19), (40, 19), (40, 19), (40, 19), (40, 19), (40, 19), (40, 19), (40, 19), (40, 19), (40, 19), (40, 19), (40, 19), (40, 19), (40, 19), (40, 19), (40, 19), (40, 19), (40, 19), (40, 19), (40, 19), (40, 19), (40, 19), (40, 19), (40, 19), (40, 19), (40, 19), (40, 19), (40, 19), (40, 19), (40, 19), (40, 19), (40, 19), (40, 19), (40, 19), (40, 19), (40, 19), (40, 19), (40, 19), (40, 19), (40, 19), (40, 19), (40, 19), (40, 19), (40, 19), (40, 19), (40, 19), (40, 19), (40, 19), (40, 19), (40, 19), (40, 19), (40, 19), (40, 19), (40, 19), (40, 19), (40, 19), (40, 19), (40, 19), (40, 19), (40, 19), (40, 19), (40, 19), (40, 19), (40, 19), (40, 19), (40, 19), (40, 19), (40, 19), (40, 19), (40, 19), (40, 19), (40, 19), (40, 19), (40, 19), (40, 19), (40, 19), (40, 19), (40, 19), (39, 20), (39, 21), (39, 22), (39, 23), (39, 24), (39, 25), (39, 26), (39, 27), (39, 28), (39, 29), (39, 30), (39, 31), (39, 32), (39, 33)], [(42, 6), (41, 7), (40, 8), (39, 9), (39, 10), (39, 11), (39, 12), (39, 13), (39, 14), (39, 15), (39, 16), (39, 17), (39, 18), (39, 19), (39, 20), (39, 21), (39, 22), (39, 23), (39, 24), (39, 25), (39, 26), (39, 27), (39, 28), (39, 29), (39, 30), (39, 31), (39, 32), (39, 33)]]
Numero di agenti: 3


Agent 0
Path: [(45, 36), (44, 37), (43, 38), (42, 39), (41, 40), (40, 41), (40, 42), (40, 43), (40, 44), (40, 45), (40, 46), (40, 47), (40, 48), (40, 49), (40, 50), (40, 51), (40, 52), (40, 53), (40, 54), (40, 55), (40, 56), (40, 57), (40, 58), (40, 59), (40, 60), (40, 61)]
Path length: 26

Agent 1
Path: [(42, 6), (42, 7), (42, 8), (42, 9), (42, 10), (42, 11), (42, 12), (42, 13), (42, 14), (42, 15), (42, 16), (42, 17), (41, 18), (40, 19), (40, 19), (40, 19), (40, 19), (40, 19), (40, 19), (40, 19), (40, 19), (40, 19), (40, 19), (40, 19), (40, 19), (40, 19), (40, 19), (40, 19), (40, 19), (40, 19), (40, 19), (40, 19), (40, 19), (40, 19), (40, 19), (40, 19), (40, 19), (40, 19), (40, 19), (40, 19), (40, 19), (40, 19), (40, 19), (40, 19), (40, 19), (40, 19), (40, 19), (40, 19), (40, 19), (40, 19), (40, 19), (40, 19), (40, 19), (40, 19), (40, 19), (40, 19), (40, 19), (40, 19), (40, 19), (40, 19), (40, 19), (40, 19), (40, 19), (40, 19), (40, 19), (40, 19), (40, 19), (40, 19), (40, 19), (40, 19), (40, 19), (40, 19), (40, 19), (40, 19), (40, 19), (40, 19), (40, 19), (40, 19), (40, 19), (40, 19), (40, 19), (40, 19), (40, 19), (40, 19), (40, 19), (40, 19), (40, 19), (40, 19), (40, 19), (40, 19), (40, 19), (40, 19), (40, 19), (40, 19), (40, 19), (40, 19), (40, 19), (40, 19), (40, 19), (40, 19), (40, 19), (40, 19), (40, 19), (40, 19), (39, 20), (39, 21), (39, 22), (39, 23), (39, 24), (39, 25), (39, 26), (39, 27), (39, 28), (39, 29), (39, 30), (39, 31), (39, 32), (39, 33)]
Path length: 118

Agent 2
Path: [(42, 6), (41, 7), (40, 8), (39, 9), (39, 10), (39, 11), (39, 12), (39, 13), (39, 14), (39, 15), (39, 16), (39, 17), (39, 18), (39, 19), (39, 20), (39, 21), (39, 22), (39, 23), (39, 24), (39, 25), (39, 26), (39, 27), (39, 28), (39, 29), (39, 30), (39, 31), (39, 32), (39, 33)]
Path length: 28


Init: [15, 52]
Goal: [3, 69]
Max: 1600

Failure

Time: 128.1737084388733
Current occupied memory: 91200
Peak occupied memory: 6032952


Grid height: 100
Grid width: 50
Traversable cells percentages: 0.8
Agglomeration factor: 0.7

Gli agenti sono stati generati con l'algoritmo ReachGoal
Agents: [[(45, 36), (44, 37), (43, 38), (42, 39), (41, 40), (40, 41), (40, 42), (40, 43), (40, 44), (40, 45), (40, 46), (40, 47), (40, 48), (40, 49), (40, 50), (40, 51), (40, 52), (40, 53), (40, 54), (40, 55), (40, 56), (40, 57), (40, 58), (40, 59), (40, 60), (40, 61)], [(42, 6), (42, 7), (42, 8), (42, 9), (42, 10), (42, 11), (42, 12), (42, 13), (42, 14), (42, 15), (42, 16), (42, 17), (41, 18), (40, 19), (40, 19), (40, 19), (40, 19), (40, 19), (40, 19), (40, 19), (40, 19), (40, 19), (40, 19), (40, 19), (40, 19), (40, 19), (40, 19), (40, 19), (40, 19), (40, 19), (40, 19), (40, 19), (40, 19), (40, 19), (40, 19), (40, 19), (40, 19), (40, 19), (40, 19), (40, 19), (40, 19), (40, 19), (40, 19), (40, 19), (40, 19), (40, 19), (40, 19), (40, 19), (40, 19), (40, 19), (40, 19), (40, 19), (40, 19), (40, 19), (40, 19), (40, 19), (40, 19), (40, 19), (40, 19), (40, 19), (40, 19), (40, 19), (40, 19), (40, 19), (40, 19), (40, 19), (40, 19), (40, 19), (40, 19), (40, 19), (40, 19), (40, 19), (40, 19), (40, 19), (40, 19), (40, 19), (40, 19), (40, 19), (40, 19), (40, 19), (40, 19), (40, 19), (40, 19), (40, 19), (40, 19), (40, 19), (40, 19), (40, 19), (40, 19), (40, 19), (40, 19), (40, 19), (40, 19), (40, 19), (40, 19), (40, 19), (40, 19), (40, 19), (40, 19), (40, 19), (40, 19), (40, 19), (40, 19), (40, 19), (39, 20), (39, 21), (39, 22), (39, 23), (39, 24), (39, 25), (39, 26), (39, 27), (39, 28), (39, 29), (39, 30), (39, 31), (39, 32), (39, 33)], [(42, 6), (41, 7), (40, 8), (39, 9), (39, 10), (39, 11), (39, 12), (39, 13), (39, 14), (39, 15), (39, 16), (39, 17), (39, 18), (39, 19), (39, 20), (39, 21), (39, 22), (39, 23), (39, 24), (39, 25), (39, 26), (39, 27), (39, 28), (39, 29), (39, 30), (39, 31), (39, 32), (39, 33)]]
Numero di agenti: 3


Agent 0
Path: [(45, 36), (44, 37), (43, 38), (42, 39), (41, 40), (40, 41), (40, 42), (40, 43), (40, 44), (40, 45), (40, 46), (40, 47), (40, 48), (40, 49), (40, 50), (40, 51), (40, 52), (40, 53), (40, 54), (40, 55), (40, 56), (40, 57), (40, 58), (40, 59), (40, 60), (40, 61)]
Path length: 26

Agent 1
Path: [(42, 6), (42, 7), (42, 8), (42, 9), (42, 10), (42, 11), (42, 12), (42, 13), (42, 14), (42, 15), (42, 16), (42, 17), (41, 18), (40, 19), (40, 19), (40, 19), (40, 19), (40, 19), (40, 19), (40, 19), (40, 19), (40, 19), (40, 19), (40, 19), (40, 19), (40, 19), (40, 19), (40, 19), (40, 19), (40, 19), (40, 19), (40, 19), (40, 19), (40, 19), (40, 19), (40, 19), (40, 19), (40, 19), (40, 19), (40, 19), (40, 19), (40, 19), (40, 19), (40, 19), (40, 19), (40, 19), (40, 19), (40, 19), (40, 19), (40, 19), (40, 19), (40, 19), (40, 19), (40, 19), (40, 19), (40, 19), (40, 19), (40, 19), (40, 19), (40, 19), (40, 19), (40, 19), (40, 19), (40, 19), (40, 19), (40, 19), (40, 19), (40, 19), (40, 19), (40, 19), (40, 19), (40, 19), (40, 19), (40, 19), (40, 19), (40, 19), (40, 19), (40, 19), (40, 19), (40, 19), (40, 19), (40, 19), (40, 19), (40, 19), (40, 19), (40, 19), (40, 19), (40, 19), (40, 19), (40, 19), (40, 19), (40, 19), (40, 19), (40, 19), (40, 19), (40, 19), (40, 19), (40, 19), (40, 19), (40, 19), (40, 19), (40, 19), (40, 19), (40, 19), (39, 20), (39, 21), (39, 22), (39, 23), (39, 24), (39, 25), (39, 26), (39, 27), (39, 28), (39, 29), (39, 30), (39, 31), (39, 32), (39, 33)]
Path length: 118

Agent 2
Path: [(42, 6), (41, 7), (40, 8), (39, 9), (39, 10), (39, 11), (39, 12), (39, 13), (39, 14), (39, 15), (39, 16), (39, 17), (39, 18), (39, 19), (39, 20), (39, 21), (39, 22), (39, 23), (39, 24), (39, 25), (39, 26), (39, 27), (39, 28), (39, 29), (39, 30), (39, 31), (39, 32), (39, 33)]
Path length: 28


Init: [15, 52]
Goal: [3, 69]
Max: 1700

Failure

Time: 154.87752151489258
Current occupied memory: 91200
Peak occupied memory: 6349688


Grid height: 100
Grid width: 50
Traversable cells percentages: 0.8
Agglomeration factor: 0.7

Gli agenti sono stati generati con l'algoritmo ReachGoal
Agents: [[(45, 36), (44, 37), (43, 38), (42, 39), (41, 40), (40, 41), (40, 42), (40, 43), (40, 44), (40, 45), (40, 46), (40, 47), (40, 48), (40, 49), (40, 50), (40, 51), (40, 52), (40, 53), (40, 54), (40, 55), (40, 56), (40, 57), (40, 58), (40, 59), (40, 60), (40, 61)], [(42, 6), (42, 7), (42, 8), (42, 9), (42, 10), (42, 11), (42, 12), (42, 13), (42, 14), (42, 15), (42, 16), (42, 17), (41, 18), (40, 19), (40, 19), (40, 19), (40, 19), (40, 19), (40, 19), (40, 19), (40, 19), (40, 19), (40, 19), (40, 19), (40, 19), (40, 19), (40, 19), (40, 19), (40, 19), (40, 19), (40, 19), (40, 19), (40, 19), (40, 19), (40, 19), (40, 19), (40, 19), (40, 19), (40, 19), (40, 19), (40, 19), (40, 19), (40, 19), (40, 19), (40, 19), (40, 19), (40, 19), (40, 19), (40, 19), (40, 19), (40, 19), (40, 19), (40, 19), (40, 19), (40, 19), (40, 19), (40, 19), (40, 19), (40, 19), (40, 19), (40, 19), (40, 19), (40, 19), (40, 19), (40, 19), (40, 19), (40, 19), (40, 19), (40, 19), (40, 19), (40, 19), (40, 19), (40, 19), (40, 19), (40, 19), (40, 19), (40, 19), (40, 19), (40, 19), (40, 19), (40, 19), (40, 19), (40, 19), (40, 19), (40, 19), (40, 19), (40, 19), (40, 19), (40, 19), (40, 19), (40, 19), (40, 19), (40, 19), (40, 19), (40, 19), (40, 19), (40, 19), (40, 19), (40, 19), (40, 19), (40, 19), (40, 19), (40, 19), (40, 19), (39, 20), (39, 21), (39, 22), (39, 23), (39, 24), (39, 25), (39, 26), (39, 27), (39, 28), (39, 29), (39, 30), (39, 31), (39, 32), (39, 33)], [(42, 6), (41, 7), (40, 8), (39, 9), (39, 10), (39, 11), (39, 12), (39, 13), (39, 14), (39, 15), (39, 16), (39, 17), (39, 18), (39, 19), (39, 20), (39, 21), (39, 22), (39, 23), (39, 24), (39, 25), (39, 26), (39, 27), (39, 28), (39, 29), (39, 30), (39, 31), (39, 32), (39, 33)]]
Numero di agenti: 3


Agent 0
Path: [(45, 36), (44, 37), (43, 38), (42, 39), (41, 40), (40, 41), (40, 42), (40, 43), (40, 44), (40, 45), (40, 46), (40, 47), (40, 48), (40, 49), (40, 50), (40, 51), (40, 52), (40, 53), (40, 54), (40, 55), (40, 56), (40, 57), (40, 58), (40, 59), (40, 60), (40, 61)]
Path length: 26

Agent 1
Path: [(42, 6), (42, 7), (42, 8), (42, 9), (42, 10), (42, 11), (42, 12), (42, 13), (42, 14), (42, 15), (42, 16), (42, 17), (41, 18), (40, 19), (40, 19), (40, 19), (40, 19), (40, 19), (40, 19), (40, 19), (40, 19), (40, 19), (40, 19), (40, 19), (40, 19), (40, 19), (40, 19), (40, 19), (40, 19), (40, 19), (40, 19), (40, 19), (40, 19), (40, 19), (40, 19), (40, 19), (40, 19), (40, 19), (40, 19), (40, 19), (40, 19), (40, 19), (40, 19), (40, 19), (40, 19), (40, 19), (40, 19), (40, 19), (40, 19), (40, 19), (40, 19), (40, 19), (40, 19), (40, 19), (40, 19), (40, 19), (40, 19), (40, 19), (40, 19), (40, 19), (40, 19), (40, 19), (40, 19), (40, 19), (40, 19), (40, 19), (40, 19), (40, 19), (40, 19), (40, 19), (40, 19), (40, 19), (40, 19), (40, 19), (40, 19), (40, 19), (40, 19), (40, 19), (40, 19), (40, 19), (40, 19), (40, 19), (40, 19), (40, 19), (40, 19), (40, 19), (40, 19), (40, 19), (40, 19), (40, 19), (40, 19), (40, 19), (40, 19), (40, 19), (40, 19), (40, 19), (40, 19), (40, 19), (40, 19), (40, 19), (40, 19), (40, 19), (40, 19), (40, 19), (39, 20), (39, 21), (39, 22), (39, 23), (39, 24), (39, 25), (39, 26), (39, 27), (39, 28), (39, 29), (39, 30), (39, 31), (39, 32), (39, 33)]
Path length: 118

Agent 2
Path: [(42, 6), (41, 7), (40, 8), (39, 9), (39, 10), (39, 11), (39, 12), (39, 13), (39, 14), (39, 15), (39, 16), (39, 17), (39, 18), (39, 19), (39, 20), (39, 21), (39, 22), (39, 23), (39, 24), (39, 25), (39, 26), (39, 27), (39, 28), (39, 29), (39, 30), (39, 31), (39, 32), (39, 33)]
Path length: 28


Init: [15, 52]
Goal: [3, 69]
Max: 1800

Failure

Time: 208.10370755195618
Current occupied memory: 91200
Peak occupied memory: 6654712